tensor([[[[ 3.4773e-03, -1.1611e-02,  7.4837e-04,  1.9287e-02, -1.9845e-02],
          [ 5.3927e-02,  2.1393e-02,  8.8949e-02, -9.3199e-03, -8.5158e-03],
          [ 4.1055e-02,  7.6895e-02,  1.1581e-01,  3.0992e-02,  1.9598e-02],
          [ 5.1186e-03,  1.0196e-02,  4.0880e-03, -3.9914e-02, -2.0942e-02],
          [-3.9951e-02, -8.5129e-02, -2.1879e-02, -4.0526e-02,  3.3376e-02]],

         [[ 6.6781e-02,  1.3864e-01,  2.5961e-02, -5.4361e-03, -1.7764e-02],
          [-2.4877e-02,  7.0257e-02, -4.2223e-02,  1.4770e-02,  1.7336e-02],
          [ 2.1734e-02,  3.8949e-02,  3.7606e-02, -1.8578e-02,  1.7818e-02],
          [-8.6194e-03,  6.1966e-02,  8.2896e-02,  5.5100e-02, -1.2723e-02],
          [-7.0711e-02, -1.9423e-02,  4.8629e-02,  1.2987e-02,  4.4410e-02]],

         [[ 2.4753e-02,  1.0956e-02, -9.1065e-02, -5.7454e-02, -3.0988e-02],
          [ 2.0231e-03, -6.0604e-02, -1.1053e-01,  2.2164e-02, -1.3685e-02],
          [-3.4113e-02,  7.0072e-02,  3.5449e-02, -1.1431e-01, -3.8593e-02],
          [ 8.2216e-03, -5.6068e-02, -5.0546e-02,  6.5949e-02,  7.3975e-02],
          [-1.2820e-02, -9.4120e-04,  5.4819e-02,  5.5085e-02,  4.1451e-02]],

         ...,

         [[ 4.2219e-02, -4.3517e-02,  9.4816e-03, -8.8667e-02, -1.5805e-02],
          [ 3.4264e-02, -6.2580e-02, -4.2884e-02, -3.2350e-02, -8.2867e-02],
          [ 5.8751e-03, -9.1703e-02,  1.9187e-02,  3.4094e-02, -4.7466e-04],
          [-1.9233e-02,  2.5556e-02, -2.0168e-02,  6.9060e-02,  6.8179e-02],
          [-1.6945e-02,  8.4350e-02,  3.1271e-02,  5.1789e-02,  4.9213e-02]],

         [[-2.7839e-02, -8.6924e-02,  8.9004e-03, -9.8504e-02, -5.7983e-02],
          [-5.2154e-03, -8.2336e-02, -3.6178e-02, -9.7171e-03,  2.3896e-02],
          [-1.4376e-02, -5.2045e-02, -5.0962e-02, -8.4311e-02, -7.9989e-02],
          [ 1.7251e-02,  4.6349e-02, -8.1198e-02, -1.4324e-02, -2.5798e-02],
          [-2.5259e-02, -3.2010e-02,  4.6744e-03,  2.9262e-03, -4.2517e-02]],

         [[ 1.5068e-02,  8.2206e-02,  1.5814e-02, -4.8403e-03,  3.8593e-02],
          [-7.0317e-02,  5.8643e-03, -1.1427e-02,  1.1063e-01,  1.0937e-03],
          [-6.3431e-02,  6.0726e-02, -1.0954e-02,  2.9623e-02,  1.0937e-01],
          [ 5.5011e-02,  7.5063e-02, -1.7217e-02, -2.5711e-02, -4.8637e-02],
          [ 1.0417e-01,  6.0493e-04, -6.3570e-02, -5.7357e-02, -7.8170e-03]]],


        [[[-3.7213e-02,  1.0852e-02,  7.4595e-02,  5.5929e-02,  2.3769e-02],
          [-4.8058e-02, -5.4237e-02,  1.2708e-02,  6.7727e-02, -6.7709e-03],
          [ 2.9898e-02,  2.8053e-02,  3.7482e-02,  8.2544e-03, -5.6897e-02],
          [-4.7144e-02, -2.4494e-02, -5.6176e-03, -4.4858e-02, -1.2348e-02],
          [-3.2151e-02,  4.4772e-02, -1.2057e-03,  3.6572e-03,  1.5800e-02]],

         [[-2.0309e-02,  3.4330e-02,  4.1393e-02,  7.8416e-02,  1.0281e-01],
          [ 9.6003e-03,  1.8538e-02,  8.4530e-02,  6.1802e-02, -3.7332e-02],
          [-1.7827e-02,  3.2947e-02,  1.9462e-02, -4.4854e-02,  8.7040e-03],
          [ 5.4762e-02,  2.5927e-02,  2.9256e-02, -4.7715e-02,  4.4724e-02],
          [ 4.5466e-02,  4.8128e-03,  8.6947e-02,  1.6541e-02,  4.1711e-02]],

         [[-5.5382e-02, -3.1059e-02,  1.4994e-02,  9.8626e-02,  8.2732e-02],
          [-4.9355e-02, -6.1630e-02, -4.2547e-02,  3.2860e-02, -2.5631e-02],
          [ 4.7174e-02, -4.3217e-02, -1.7615e-02,  6.8045e-02, -4.7798e-02],
          [ 5.9176e-02, -3.3825e-02,  4.7198e-03, -1.6797e-02, -6.0703e-02],
          [ 1.0152e-01,  7.2077e-02,  1.0475e-02, -4.2639e-02,  1.9834e-02]],

         ...,

         [[-1.2307e-02,  7.4036e-03,  8.8105e-03,  1.9129e-02,  7.3633e-02],
          [ 2.5301e-02,  4.6124e-02,  9.0072e-04, -3.0162e-02,  1.2998e-02],
          [-1.8581e-02,  8.1790e-02, -2.7001e-02, -1.9728e-02, -1.8657e-02],
          [ 8.6826e-03, -3.6303e-02,  2.1805e-02, -3.0977e-02, -1.3055e-02],
          [ 1.4477e-02,  5.5412e-02,  3.3371e-02, -1.2026e-02, -1.4914e-02]],

         [[-1.4840e-02,  2.8497e-02, -2.3210e-02,  3.7135e-02,  9.4219e-03],
          [-1.9569e-02,  6.0137e-03,  2.7377e-02, -3.4075e-02,  6.2697e-02],
          [-6.5807e-03, -2.8329e-02, -2.5274e-02,  5.1313e-02, -2.3165e-02],
          [ 4.5716e-03,  3.1930e-02,  9.2690e-04, -2.7378e-02, -6.9889e-02],
          [ 1.6168e-02,  5.2839e-02, -7.1019e-02, -4.9392e-02, -5.0419e-02]],

         [[ 1.9780e-02, -9.8998e-03, -3.2820e-02, -8.7193e-05,  7.2707e-02],
          [ 6.5932e-03,  8.6947e-02, -8.1654e-03, -5.0052e-02, -4.0277e-02],
          [-1.3770e-02, -4.7542e-02,  1.9915e-02, -4.8155e-02, -1.0342e-01],
          [-1.5136e-02, -7.1689e-02, -2.5269e-02, -2.3491e-02,  9.7431e-05],
          [-1.7320e-02, -4.3205e-02, -2.7777e-03, -3.0338e-04, -1.0264e-02]]],


        [[[-5.1749e-03, -1.4587e-02,  6.3040e-02, -9.6550e-03, -5.9060e-03],
          [-3.7495e-02,  7.2362e-03,  5.5865e-02,  2.4951e-02,  7.7244e-03],
          [ 8.7960e-03,  2.9228e-02,  1.5211e-03, -5.3094e-03,  2.0285e-03],
          [-7.5827e-03,  2.7577e-02, -2.4081e-03, -7.4226e-02, -8.8209e-02],
          [-1.5973e-02,  3.8870e-02,  2.9574e-02,  3.3780e-02, -2.5625e-02]],

         [[-4.8874e-02, -3.4745e-02,  7.5555e-03,  1.8795e-02,  1.3343e-02],
          [ 6.9793e-03,  5.2360e-02,  1.0055e-02,  5.0690e-02,  5.1838e-02],
          [ 4.1986e-02,  6.9327e-02,  4.1701e-02,  5.5952e-02,  6.8896e-02],
          [ 7.2636e-02,  6.2042e-02,  4.6409e-02,  3.5533e-02,  4.4391e-02],
          [-4.1088e-02,  2.4996e-02,  5.5578e-02,  1.5248e-02,  1.6877e-02]],

         [[-3.1398e-02,  4.5598e-02, -3.1853e-03,  6.0791e-02,  7.1383e-04],
          [-6.5811e-02,  5.4582e-02, -2.6602e-03,  3.9604e-02, -3.3247e-04],
          [-1.8101e-02, -4.5039e-02,  3.3633e-02,  9.0938e-03, -3.8571e-02],
          [ 1.0431e-02,  5.1725e-02, -4.7051e-02, -2.4653e-02,  6.8117e-02],
          [ 1.3711e-02,  1.0833e-01, -2.4517e-02, -2.4077e-02, -1.8695e-02]],

         ...,

         [[ 4.2211e-02,  2.8826e-02,  4.2928e-02,  2.3565e-02,  1.7961e-02],
          [-1.7184e-02,  2.7694e-03,  5.6175e-02,  9.3586e-02,  3.0248e-02],
          [ 2.7650e-02,  5.3668e-02,  4.0079e-02,  5.3173e-03,  5.0792e-02],
          [ 1.1506e-02,  6.8459e-02,  1.8959e-02, -1.2059e-02,  5.1674e-02],
          [ 7.4591e-02,  5.5167e-02,  1.0336e-02,  3.2749e-02, -3.0093e-02]],

         [[ 1.2043e-02, -6.7833e-03,  2.4685e-02,  4.4438e-03,  7.5229e-02],
          [ 5.7951e-02, -4.7462e-02, -2.1299e-02,  7.7225e-05, -4.5750e-03],
          [-3.2694e-03, -4.1726e-02,  5.1982e-02, -4.6833e-02, -6.2552e-02],
          [-2.7365e-02, -2.7777e-02, -3.4869e-02, -7.8691e-02, -2.0276e-02],
          [ 5.0176e-02, -2.5292e-03, -5.9687e-02, -4.6759e-02, -1.5471e-02]],

         [[-2.4377e-02,  3.3178e-02, -3.3543e-02,  2.6625e-02,  3.0565e-03],
          [ 8.6704e-02,  1.2276e-01, -3.6494e-03, -5.0157e-02,  6.9363e-03],
          [-2.5395e-02, -6.9829e-02, -2.2560e-02, -2.0096e-02, -1.2188e-03],
          [-2.6137e-02, -3.3008e-02, -1.6394e-02,  7.9105e-02,  1.8614e-02],
          [-8.7587e-03, -8.8128e-02, -6.9390e-02, -3.6140e-02,  4.3705e-02]]],


        ...,


        [[[-1.9022e-02, -7.1173e-02, -2.3014e-02,  5.0481e-02, -2.1474e-02],
          [ 3.9492e-02,  2.8546e-02,  4.2516e-02, -4.4493e-02,  3.8148e-02],
          [ 4.4700e-02, -1.6999e-03,  3.1547e-02,  9.0875e-02,  1.0701e-02],
          [ 2.9738e-02, -7.3218e-03, -5.4900e-02, -2.7121e-02,  3.0120e-02],
          [ 1.7383e-02, -9.8357e-02, -5.6747e-02, -9.2304e-02, -3.2162e-02]],

         [[-9.9440e-03,  3.3340e-02,  2.0475e-02, -6.1944e-02,  4.6332e-03],
          [-4.7049e-03,  2.6228e-02,  1.9889e-02, -4.1068e-02, -8.3704e-02],
          [-2.5049e-02, -8.8325e-02,  1.0813e-02, -1.4263e-01,  1.3485e-02],
          [-2.1059e-03, -4.1768e-02, -5.5304e-04, -4.5856e-02,  1.9964e-02],
          [ 1.0809e-02, -6.7603e-02, -5.7158e-02,  1.3839e-02,  5.8281e-02]],

         [[-5.4742e-02, -9.1067e-02, -1.0806e-01, -3.1017e-02,  2.4873e-03],
          [ 1.9211e-02,  6.1130e-03, -3.8749e-02, -4.7564e-02,  2.9117e-02],
          [ 3.1549e-02,  9.4163e-03, -9.7446e-02, -3.4313e-02, -5.8915e-02],
          [ 1.9143e-02, -3.4538e-02, -2.8946e-02,  1.7064e-02,  2.1937e-02],
          [-2.1295e-02, -1.0654e-02, -1.3829e-02,  6.6240e-02,  4.9198e-02]],

         ...,

         [[ 4.2898e-03, -7.3116e-03, -3.1549e-02, -7.6456e-03,  2.4087e-02],
          [-3.1793e-02,  5.2913e-03, -7.2130e-02, -5.8518e-02, -4.7687e-02],
          [ 2.1728e-02, -1.8168e-02, -7.6484e-02, -5.8128e-02,  6.9765e-02],
          [ 7.1937e-03,  2.7135e-02, -3.0847e-02,  1.2861e-02, -4.7780e-02],
          [ 5.4003e-02, -2.1528e-02,  8.4067e-02,  3.3548e-02,  5.0245e-03]],

         [[-5.9049e-02, -2.9265e-02,  2.5094e-02,  7.0223e-02,  4.0429e-03],
          [-5.8095e-03, -8.7143e-03,  3.9109e-02,  1.2584e-01,  1.1842e-01],
          [ 5.0195e-02,  2.5325e-02, -8.6458e-02,  7.0891e-02,  6.0701e-02],
          [ 1.2702e-02,  9.9220e-03,  3.5598e-02,  8.1194e-02,  1.1511e-02],
          [-7.7491e-02,  4.1723e-02,  1.6755e-02, -9.1916e-02,  2.8876e-03]],

         [[ 1.0066e-02,  7.3214e-02, -3.6885e-02, -2.4439e-02, -8.3597e-03],
          [-8.2623e-02, -1.2371e-01,  1.3025e-02, -3.3811e-02, -5.9359e-02],
          [-7.6983e-02,  1.3911e-02, -1.4281e-02, -7.9273e-02, -2.7274e-02],
          [ 2.1857e-02, -2.0648e-02,  5.4185e-02, -1.2487e-01, -1.8011e-02],
          [ 8.0007e-02,  8.2671e-02, -2.4051e-02, -4.9918e-04, -6.2261e-02]]],


        [[[-4.3766e-02,  1.2943e-02, -4.1262e-02, -5.5922e-02, -3.6944e-02],
          [-1.4935e-02, -1.7462e-02, -7.2417e-02, -8.1915e-02,  6.3570e-04],
          [-5.1622e-02,  5.3231e-02, -2.0452e-02,  7.6602e-03,  5.5344e-03],
          [ 5.3261e-02, -2.7767e-02,  2.1928e-03,  1.5453e-02,  1.1103e-02],
          [-3.6322e-02, -7.8515e-02, -9.7879e-02, -4.9613e-04,  3.9423e-02]],

         [[-1.9197e-02,  1.0200e-02, -6.9498e-02, -1.0523e-01, -1.6151e-02],
          [ 3.1853e-02, -3.6051e-02, -3.5072e-02, -9.8695e-02, -4.1036e-02],
          [-4.2884e-02, -6.3612e-02,  3.5899e-03, -5.9880e-02,  3.2123e-02],
          [-5.6086e-02, -4.2281e-02,  3.3253e-02,  4.4013e-03,  1.7242e-02],
          [-2.8697e-02, -2.3722e-02, -5.5730e-03,  2.1960e-02,  1.0313e-02]],

         [[-6.5112e-02, -1.3813e-02, -1.4622e-02, -3.2051e-02, -6.0543e-02],
          [ 2.6446e-02,  5.7423e-02,  9.4216e-02,  5.7696e-03,  3.6893e-02],
          [-9.3037e-03,  4.7916e-02, -5.9247e-02, -2.6810e-03,  3.6378e-02],
          [-8.9145e-02, -3.3319e-02, -9.0306e-02, -3.4274e-02,  3.3044e-02],
          [-9.0500e-02, -7.7796e-02, -2.1882e-02,  1.4605e-02, -3.0531e-02]],

         ...,

         [[ 3.4376e-02, -2.9473e-02, -4.3977e-02, -2.4708e-02, -3.0940e-02],
          [-6.2972e-02, -4.3491e-02, -6.3857e-02, -3.0752e-04, -4.5463e-02],
          [-3.0922e-03, -9.0182e-02, -9.0086e-03, -4.7126e-02, -2.3200e-04],
          [-2.1543e-02, -4.5433e-02, -2.9736e-02, -7.5546e-03,  3.9259e-02],
          [-2.6847e-02,  4.0773e-02,  2.7940e-02, -1.6139e-02, -2.8904e-02]],

         [[ 1.1973e-02,  6.1659e-02,  1.1373e-01,  7.6945e-02, -2.9374e-02],
          [-2.9562e-02,  4.0081e-02, -3.2885e-02,  1.2133e-01,  3.8514e-02],
          [-2.7907e-02,  7.8790e-02, -1.0909e-02, -2.4291e-02, -3.3388e-03],
          [-2.6879e-04, -2.9284e-02,  6.0010e-03,  3.9410e-02,  6.3859e-03],
          [ 3.7487e-02, -1.6419e-03,  5.2117e-03,  3.8111e-02,  3.2384e-02]],

         [[ 4.3191e-02, -8.6264e-03, -2.1309e-02, -4.9524e-02, -2.4467e-02],
          [-3.3152e-02, -9.2150e-02, -7.9072e-03, -1.8996e-02, -2.3887e-02],
          [-6.8947e-02, -3.4273e-02, -1.5321e-04, -2.5652e-02,  7.6980e-02],
          [-3.4441e-02,  1.2455e-01,  4.4813e-02, -2.6246e-02, -3.0644e-02],
          [ 3.4199e-02,  1.3020e-01,  1.1790e-02, -4.4680e-02, -2.5561e-03]]],


        [[[ 3.7162e-02, -2.7937e-02,  3.0339e-02,  1.1123e-02,  1.6407e-02],
          [-1.0052e-02,  2.0304e-02,  3.3121e-02,  1.5559e-02,  5.1262e-02],
          [-3.6549e-02, -3.3882e-03,  2.9010e-02,  1.7908e-02,  5.0592e-02],
          [-2.1263e-02,  3.9038e-02,  1.6745e-02,  2.9150e-04,  2.4139e-02],
          [-3.8243e-02, -2.8194e-02,  1.2742e-03, -2.5334e-02, -1.4484e-02]],

         [[ 1.5751e-02, -2.3181e-02,  9.4117e-02,  7.0370e-02, -8.6147e-03],
          [ 2.3807e-02,  1.2840e-02,  2.1188e-02,  4.9880e-02, -5.0930e-02],
          [ 2.0094e-02, -1.1537e-02, -1.2373e-03,  8.5974e-02,  4.5769e-02],
          [ 2.6720e-02,  4.9428e-02, -8.0865e-02, -2.9410e-02, -5.2897e-02],
          [ 3.8984e-02,  4.5336e-02, -2.4886e-02,  1.0773e-02, -5.1527e-02]],

         [[ 1.7836e-02, -1.4151e-02,  4.8606e-02,  1.4701e-02, -1.4141e-02],
          [-8.4690e-03, -8.7371e-02, -5.0600e-02,  1.7413e-02, -8.8028e-03],
          [-1.9465e-04, -7.0120e-02,  2.0245e-02,  6.2698e-02, -8.1340e-03],
          [-1.1852e-02,  4.2858e-02,  4.8994e-02,  6.7323e-02, -4.0990e-02],
          [ 2.8504e-02, -3.4335e-03,  3.5408e-02, -3.0852e-02,  2.5249e-02]],

         ...,

         [[-5.1513e-02, -3.0305e-02,  7.9080e-02,  2.6655e-02, -1.1066e-02],
          [-4.8627e-02, -3.1712e-02, -2.1436e-02,  7.0493e-02,  2.0828e-02],
          [-3.8536e-02,  2.4313e-02,  6.8321e-02,  4.5174e-03, -3.3784e-02],
          [-3.8360e-02, -4.7313e-02, -2.6587e-02,  4.6105e-02, -8.3377e-02],
          [-2.6306e-02,  6.7088e-03,  6.2173e-03,  3.8493e-02, -2.7614e-02]],

         [[ 3.8834e-02, -7.3284e-02, -1.2690e-01,  9.6962e-03, -6.0405e-03],
          [-8.2637e-02, -2.7731e-02,  5.2533e-02, -1.3576e-02,  3.7916e-02],
          [ 5.5555e-02, -8.1473e-02, -3.6073e-02,  4.6957e-02, -3.2542e-02],
          [-1.9343e-02, -4.9706e-02,  1.0355e-01,  6.6105e-02,  6.8864e-02],
          [ 2.5478e-02, -7.6661e-02,  4.6876e-03,  5.4294e-02,  7.2462e-03]],

         [[-1.7253e-02, -8.4904e-02,  2.0740e-02,  4.3953e-02,  1.8153e-02],
          [ 4.1575e-02,  1.4809e-01, -4.2313e-02,  3.2451e-02,  4.5683e-02],
          [ 6.7210e-02, -4.8434e-02,  8.0476e-03,  9.7596e-02,  4.1618e-02],
          [-4.4967e-03, -4.8425e-03, -4.9183e-02,  3.2522e-02, -1.8419e-02],
          [-7.1575e-02, -5.0193e-02,  6.7756e-02,  3.1851e-02,  6.6189e-03]]]])