tensor([[[[ 0.0000e+00, -0.0000e+00, -0.0000e+00,  0.0000e+00,  0.0000e+00],
          [-0.0000e+00,  0.0000e+00,  0.0000e+00,  0.0000e+00,  0.0000e+00],
          [ 0.0000e+00,  0.0000e+00,  0.0000e+00, -0.0000e+00,  0.0000e+00],
          [ 0.0000e+00,  0.0000e+00,  0.0000e+00, -0.0000e+00, -0.0000e+00],
          [-0.0000e+00, -0.0000e+00, -0.0000e+00, -0.0000e+00, -0.0000e+00]]],


        [[[ 0.0000e+00,  0.0000e+00,  0.0000e+00,  0.0000e+00,  0.0000e+00],
          [ 0.0000e+00, -0.0000e+00,  0.0000e+00,  0.0000e+00,  0.0000e+00],
          [-0.0000e+00, -0.0000e+00, -0.0000e+00, -0.0000e+00,  0.0000e+00],
          [-0.0000e+00, -0.0000e+00, -0.0000e+00, -0.0000e+00, -0.0000e+00],
          [-0.0000e+00, -0.0000e+00, -0.0000e+00, -0.0000e+00,  0.0000e+00]]],


        [[[-1.1419e-01,  2.2154e-01,  1.4491e-02,  3.5682e-01,  3.4794e-02],
          [ 1.4695e-01,  5.0751e-01,  8.7121e-01,  7.4184e-01,  1.9627e-01],
          [ 3.9310e-01,  9.5469e-01,  1.2047e+00,  9.0831e-01,  4.0752e-01],
          [-4.3537e-02,  5.6610e-01,  9.4963e-01,  7.9218e-01,  9.2881e-02],
          [-2.6821e-01, -4.8449e-02,  4.4730e-01,  2.0601e-01, -2.2981e-01]]],


        [[[-0.0000e+00,  0.0000e+00,  0.0000e+00,  0.0000e+00,  0.0000e+00],
          [ 0.0000e+00, -0.0000e+00, -0.0000e+00,  0.0000e+00,  0.0000e+00],
          [-0.0000e+00,  0.0000e+00,  0.0000e+00,  0.0000e+00,  0.0000e+00],
          [-0.0000e+00,  0.0000e+00,  0.0000e+00,  0.0000e+00,  0.0000e+00],
          [ 0.0000e+00,  0.0000e+00, -0.0000e+00,  0.0000e+00,  0.0000e+00]]],


        [[[-2.6992e-01, -3.1433e-01, -5.6226e-01, -3.4128e-01, -4.4592e-01],
          [-1.1611e-01, -9.9895e-02,  1.4737e-01,  3.8768e-02,  3.1781e-01],
          [-2.8822e-02,  4.3263e-01,  9.0423e-01,  9.2046e-01,  6.7508e-01],
          [ 2.9357e-01,  6.3173e-01,  1.0893e+00,  9.7440e-01,  7.7308e-01],
          [ 9.4273e-02,  2.0615e-01,  4.8810e-01,  6.3960e-01,  3.0454e-01]]],


        [[[-2.3230e-03,  1.0237e-01,  2.7503e-01,  2.6451e-01,  2.9725e-01],
          [ 4.8421e-01,  8.6379e-01,  1.2003e+00,  1.0252e+00,  5.7502e-01],
          [ 6.4083e-01,  9.3584e-01,  1.3529e+00,  7.8706e-01,  4.2202e-01],
          [ 4.2687e-01,  7.7940e-01,  6.8417e-01, -3.7518e-02, -7.0229e-05],
          [-1.7949e-01, -1.5296e-01, -3.2769e-01, -4.2359e-01, -3.9991e-01]]]])