tensor([[[[ 0.0000e+00,  0.0000e+00,  0.0000e+00,  0.0000e+00,  0.0000e+00],
          [ 0.0000e+00,  0.0000e+00,  0.0000e+00,  0.0000e+00,  0.0000e+00],
          [ 0.0000e+00,  0.0000e+00,  0.0000e+00,  0.0000e+00,  0.0000e+00],
          [ 0.0000e+00,  0.0000e+00,  0.0000e+00,  0.0000e+00,  0.0000e+00],
          [ 0.0000e+00,  0.0000e+00,  0.0000e+00,  0.0000e+00,  0.0000e+00]],

         [[ 0.0000e+00,  0.0000e+00,  0.0000e+00,  0.0000e+00,  0.0000e+00],
          [ 0.0000e+00,  0.0000e+00,  0.0000e+00,  0.0000e+00,  0.0000e+00],
          [ 0.0000e+00,  0.0000e+00,  0.0000e+00,  0.0000e+00,  0.0000e+00],
          [ 0.0000e+00,  0.0000e+00,  0.0000e+00,  0.0000e+00,  0.0000e+00],
          [ 0.0000e+00,  0.0000e+00,  0.0000e+00,  0.0000e+00,  0.0000e+00]],

         [[ 0.0000e+00,  0.0000e+00,  0.0000e+00,  0.0000e+00, -0.0000e+00],
          [ 0.0000e+00,  0.0000e+00, -0.0000e+00,  0.0000e+00,  0.0000e+00],
          [ 0.0000e+00, -0.0000e+00,  0.0000e+00,  0.0000e+00,  0.0000e+00],
          [-0.0000e+00, -0.0000e+00,  0.0000e+00,  0.0000e+00,  0.0000e+00],
          [ 0.0000e+00,  0.0000e+00,  0.0000e+00,  0.0000e+00,  0.0000e+00]],

         [[ 0.0000e+00,  0.0000e+00,  0.0000e+00,  0.0000e+00,  0.0000e+00],
          [ 0.0000e+00,  0.0000e+00,  0.0000e+00,  0.0000e+00,  0.0000e+00],
          [ 0.0000e+00,  0.0000e+00,  0.0000e+00,  0.0000e+00,  0.0000e+00],
          [ 0.0000e+00,  0.0000e+00,  0.0000e+00,  0.0000e+00,  0.0000e+00],
          [ 0.0000e+00,  0.0000e+00,  0.0000e+00,  0.0000e+00,  0.0000e+00]],

         [[ 0.0000e+00,  0.0000e+00,  0.0000e+00,  0.0000e+00,  0.0000e+00],
          [ 0.0000e+00, -0.0000e+00,  0.0000e+00,  0.0000e+00,  0.0000e+00],
          [-0.0000e+00,  0.0000e+00,  0.0000e+00,  0.0000e+00,  0.0000e+00],
          [ 0.0000e+00,  0.0000e+00,  0.0000e+00,  0.0000e+00,  0.0000e+00],
          [ 0.0000e+00,  0.0000e+00,  0.0000e+00,  0.0000e+00,  0.0000e+00]],

         [[ 0.0000e+00,  0.0000e+00,  0.0000e+00,  0.0000e+00, -0.0000e+00],
          [ 0.0000e+00,  0.0000e+00, -0.0000e+00,  0.0000e+00,  0.0000e+00],
          [ 0.0000e+00,  0.0000e+00, -0.0000e+00,  0.0000e+00,  0.0000e+00],
          [-0.0000e+00, -0.0000e+00,  0.0000e+00,  0.0000e+00,  0.0000e+00],
          [ 0.0000e+00,  0.0000e+00,  0.0000e+00,  0.0000e+00,  0.0000e+00]]],


        [[[ 6.9943e-02,  3.0867e-02,  4.4756e-02,  3.9393e-02,  1.4703e-02],
          [ 1.8712e-02,  6.0110e-02,  4.3769e-03,  1.1160e-01,  3.2059e-02],
          [ 7.6065e-02,  3.1649e-02, -2.2327e-02, -8.0471e-03,  2.4898e-02],
          [-4.1240e-02, -7.1435e-02,  2.4288e-02, -1.7828e-02,  1.0025e-01],
          [-5.1414e-02,  1.2375e-01,  1.2817e-01,  7.6237e-02,  4.9150e-02]],

         [[-2.5129e-02, -7.6372e-02, -1.0204e-01, -6.3349e-02, -6.4517e-02],
          [ 6.7236e-02,  3.7354e-02,  3.3851e-02,  1.1676e-01,  7.7906e-02],
          [ 8.4998e-02,  4.3774e-02,  1.3285e-01,  2.8075e-02,  7.6955e-02],
          [ 5.0046e-02, -9.7003e-02, -1.0934e-01, -9.9487e-02, -3.9356e-02],
          [-4.2581e-02, -9.3343e-02,  3.5508e-02, -5.0037e-02, -9.5267e-03]],

         [[ 4.3745e-02,  9.4056e-02,  5.8364e-02, -2.2434e-02, -1.4287e-02],
          [ 1.1724e-01,  1.2344e-01,  1.3126e-01,  1.4986e-01,  2.3618e-01],
          [-1.0127e-01, -1.5514e-01, -3.6741e-01, -3.8416e-01, -3.1128e-01],
          [-1.6218e-01, -1.3623e-01, -2.1206e-01, -1.4672e-01,  9.5712e-02],
          [ 1.6781e-01,  8.0190e-02,  1.2596e-01,  1.4079e-01,  6.7770e-02]],

         [[-7.3407e-02,  3.4783e-02,  8.4523e-02,  6.1005e-02,  1.8452e-02],
          [-8.3631e-02, -4.4146e-02, -4.2161e-02, -1.1915e-02, -6.9440e-02],
          [-4.2470e-02, -8.1811e-02,  4.4795e-02,  5.1090e-02, -6.0975e-02],
          [ 5.9999e-02,  5.9511e-02, -4.6894e-02,  2.4887e-02,  2.5420e-02],
          [-5.5678e-02, -6.6647e-02,  5.8507e-02, -3.2779e-02, -9.9911e-03]],

         [[ 1.1497e-01,  6.0194e-02,  1.6772e-01,  2.2394e-01,  3.1990e-01],
          [-1.0781e-02,  6.9663e-02,  2.7110e-02, -1.5305e-02,  6.8939e-02],
          [-9.8713e-02, -2.6723e-01, -5.3451e-01, -4.8490e-01, -3.4049e-01],
          [-5.4125e-02,  9.3946e-02,  8.5676e-02,  2.9914e-01,  3.3361e-01],
          [ 7.1121e-02,  1.5476e-01,  7.3424e-02, -8.1758e-02, -2.0739e-01]],

         [[ 1.1729e-02, -4.6550e-02, -8.8607e-02, -1.0839e-01, -1.1176e-01],
          [ 1.0035e-01,  2.2828e-01,  3.0470e-01,  3.3706e-01,  2.5648e-01],
          [-1.2389e-02, -4.8079e-02, -2.4694e-01, -3.7334e-01, -4.2810e-01],
          [-1.3299e-01, -3.2784e-01, -3.8913e-01, -1.8798e-01,  2.4770e-02],
          [ 9.9443e-02,  2.6121e-01,  1.5045e-01,  2.8755e-01,  9.8431e-02]]],


        [[[-4.9737e-02, -8.3331e-02,  8.6018e-03,  5.2842e-05, -4.0842e-02],
          [ 3.8193e-02,  5.2232e-02,  3.4759e-02,  4.0588e-02, -2.3247e-02],
          [ 6.4751e-02,  1.8213e-03, -3.2143e-02,  1.8956e-02,  3.6977e-02],
          [ 2.6222e-02,  5.1176e-03, -1.6603e-02, -8.6274e-02, -1.0257e-01],
          [ 6.9802e-02, -6.1753e-02,  4.5346e-02, -4.8156e-02, -7.2205e-02]],

         [[ 2.1061e-02,  4.3027e-03,  5.3953e-02,  9.4988e-02,  7.2307e-02],
          [ 2.9967e-02,  7.8298e-02,  1.3488e-01, -3.0663e-02,  2.2562e-02],
          [-4.5951e-04,  1.4102e-01,  6.8521e-02, -3.4623e-02, -4.5776e-02],
          [ 1.9252e-02,  6.9138e-02,  1.5864e-02,  5.6306e-02, -6.4022e-02],
          [ 2.9207e-02, -2.1252e-03,  1.8228e-02,  1.1735e-01,  4.2031e-02]],

         [[ 2.3921e-01,  9.6241e-03, -2.5353e-01, -2.7485e-01, -1.9547e-01],
          [ 2.7428e-01, -1.9628e-01, -3.6804e-01, -2.4675e-01,  8.9930e-02],
          [ 2.0087e-01, -2.8995e-01, -2.6553e-01, -6.5710e-02,  2.1883e-01],
          [ 6.3309e-02, -2.3323e-01, -8.9630e-02,  1.2779e-01,  2.3965e-01],
          [-5.8094e-02,  2.0757e-02,  9.9343e-02,  9.8466e-02, -2.1335e-03]],

         [[-6.3106e-02,  2.1552e-03, -8.1089e-02, -2.3176e-02,  3.4656e-02],
          [-1.2587e-02, -1.4913e-02,  1.0416e-02, -8.4097e-02, -7.3472e-02],
          [-4.2354e-02,  3.0130e-02,  3.4678e-03,  3.2047e-02, -7.5416e-02],
          [ 4.0339e-02, -5.2033e-02, -9.1267e-03,  7.5115e-02, -2.3986e-02],
          [ 1.9995e-02, -1.1502e-02,  1.8034e-02,  9.2996e-02,  8.2465e-02]],

         [[ 5.6610e-02, -1.3097e-01, -1.9050e-01, -1.8450e-01, -4.5778e-02],
          [ 1.3946e-01, -1.6861e-01, -2.9008e-01,  2.6708e-02,  1.9213e-01],
          [-6.6160e-02, -2.5797e-01, -2.9082e-02,  2.2894e-01,  1.5841e-01],
          [-9.8452e-02, -1.2636e-01,  1.6161e-01,  1.9501e-01,  2.0604e-02],
          [ 5.4933e-03,  1.0390e-01,  5.7152e-02,  1.5544e-02, -7.5365e-02]],

         [[ 2.3481e-01,  1.0875e-02, -2.6577e-01, -3.3004e-01, -2.9862e-01],
          [ 2.8543e-01, -1.1005e-01, -3.3968e-01, -3.7027e-01, -1.3774e-01],
          [ 3.2129e-01, -1.1820e-01, -3.1698e-01, -1.5687e-01,  1.5731e-01],
          [ 1.1983e-01, -2.8214e-01, -1.5707e-01,  1.5609e-01,  1.5634e-01],
          [-1.7840e-02, -7.2320e-02,  7.0201e-02,  1.2042e-01,  8.7084e-02]]],


        ...,


        [[[-4.7699e-02, -1.0472e-02, -1.0929e-04, -2.9831e-05,  6.8998e-02],
          [ 3.9076e-02,  8.7038e-03, -1.1287e-01, -5.7253e-02,  8.6092e-02],
          [ 5.9959e-02, -7.6750e-02,  2.0468e-02, -3.3374e-02,  1.7751e-02],
          [ 6.8203e-03,  5.8541e-02, -4.5259e-02, -1.1239e-01, -3.2412e-04],
          [ 3.2514e-02, -1.4264e-02, -9.8024e-02, -1.0601e-01, -4.2862e-02]],

         [[ 1.0880e-02, -5.4805e-02,  7.7968e-03, -3.1984e-02, -5.6052e-02],
          [ 2.9892e-02, -3.0792e-02, -4.8217e-02,  7.3346e-03, -1.9174e-03],
          [-2.2540e-02, -6.1635e-02,  1.4289e-02,  3.7982e-02,  2.8053e-02],
          [ 2.7806e-02,  1.3575e-01,  6.1147e-03,  8.5868e-03,  4.7650e-02],
          [ 8.5008e-03,  5.8177e-03,  1.3246e-01, -3.7196e-02, -5.4050e-02]],

         [[ 4.2494e-02,  4.4358e-02, -6.1113e-02, -1.9584e-01, -6.9620e-02],
          [-4.2698e-02,  2.6589e-01,  1.8700e-01, -1.1998e-01, -1.7009e-01],
          [-2.0486e-01,  8.7013e-02,  2.6797e-01,  1.8083e-01, -2.5096e-01],
          [-1.4889e-01, -6.6050e-02,  2.2229e-01,  3.2998e-01, -1.7158e-01],
          [-4.4926e-02, -3.0739e-01, -7.1001e-02,  1.9417e-01,  5.6202e-02]],

         [[ 6.2643e-02,  1.0175e-02,  5.5818e-02, -3.9715e-02,  1.1179e-01],
          [ 1.1020e-01,  1.4491e-03,  4.5041e-02,  1.0278e-01,  1.0661e-01],
          [ 1.2515e-01,  4.8215e-02,  1.1357e-01, -1.1967e-02,  8.2176e-02],
          [-5.2396e-02,  1.9813e-02,  9.9265e-03, -2.1184e-02,  3.4740e-02],
          [-3.1213e-02,  1.7730e-02,  6.5974e-02,  9.6176e-02,  5.5107e-02]],

         [[ 1.7261e-01,  1.9004e-01, -2.2348e-02, -1.3989e-01,  4.8431e-02],
          [ 5.6472e-02,  1.9203e-01,  2.0529e-01, -3.2858e-03, -6.3631e-02],
          [-1.0877e-01,  1.0498e-01,  3.1257e-01,  1.4504e-01, -1.3109e-01],
          [-5.8199e-02, -9.2989e-02,  2.0183e-01,  1.1202e-01, -4.8779e-03],
          [ 1.9635e-02, -2.4920e-01, -1.5151e-02, -2.5491e-03,  8.9749e-02]],

         [[-4.7637e-02, -1.4600e-01, -2.0282e-01, -1.7412e-01, -6.4884e-02],
          [ 4.6975e-03,  5.1580e-02,  7.7506e-02, -1.2506e-01, -1.5432e-01],
          [-1.0218e-01,  1.7191e-01,  1.3016e-01,  8.5398e-02, -9.2378e-02],
          [-7.3474e-02,  1.0523e-03,  1.0852e-01,  2.5466e-01, -1.7802e-02],
          [-1.1061e-01, -1.4836e-01, -6.7343e-02,  5.1750e-02, -5.8436e-02]]],


        [[[-0.0000e+00, -0.0000e+00, -0.0000e+00, -0.0000e+00, -0.0000e+00],
          [ 0.0000e+00, -0.0000e+00, -0.0000e+00,  0.0000e+00,  0.0000e+00],
          [-0.0000e+00, -0.0000e+00, -0.0000e+00, -0.0000e+00, -0.0000e+00],
          [ 0.0000e+00,  0.0000e+00, -0.0000e+00, -0.0000e+00, -0.0000e+00],
          [ 0.0000e+00,  0.0000e+00, -0.0000e+00,  0.0000e+00, -0.0000e+00]],

         [[-0.0000e+00, -0.0000e+00,  0.0000e+00, -0.0000e+00, -0.0000e+00],
          [ 0.0000e+00,  0.0000e+00, -0.0000e+00, -0.0000e+00, -0.0000e+00],
          [ 0.0000e+00,  0.0000e+00, -0.0000e+00, -0.0000e+00, -0.0000e+00],
          [-0.0000e+00,  0.0000e+00, -0.0000e+00, -0.0000e+00, -0.0000e+00],
          [ 0.0000e+00,  0.0000e+00, -0.0000e+00, -0.0000e+00, -0.0000e+00]],

         [[-0.0000e+00,  0.0000e+00, -0.0000e+00, -0.0000e+00, -0.0000e+00],
          [ 0.0000e+00, -0.0000e+00,  0.0000e+00,  0.0000e+00,  0.0000e+00],
          [-0.0000e+00, -0.0000e+00,  0.0000e+00,  0.0000e+00,  0.0000e+00],
          [-0.0000e+00,  0.0000e+00,  0.0000e+00,  0.0000e+00,  0.0000e+00],
          [-0.0000e+00,  0.0000e+00,  0.0000e+00,  0.0000e+00,  0.0000e+00]],

         [[-0.0000e+00, -0.0000e+00,  0.0000e+00,  0.0000e+00, -0.0000e+00],
          [ 0.0000e+00, -0.0000e+00,  0.0000e+00, -0.0000e+00,  0.0000e+00],
          [-0.0000e+00, -0.0000e+00,  0.0000e+00, -0.0000e+00,  0.0000e+00],
          [ 0.0000e+00,  0.0000e+00,  0.0000e+00,  0.0000e+00,  0.0000e+00],
          [ 0.0000e+00, -0.0000e+00,  0.0000e+00,  0.0000e+00,  0.0000e+00]],

         [[ 0.0000e+00,  0.0000e+00,  0.0000e+00,  0.0000e+00, -0.0000e+00],
          [-0.0000e+00, -0.0000e+00,  0.0000e+00,  0.0000e+00, -0.0000e+00],
          [-0.0000e+00,  0.0000e+00,  0.0000e+00,  0.0000e+00,  0.0000e+00],
          [-0.0000e+00,  0.0000e+00,  0.0000e+00,  0.0000e+00,  0.0000e+00],
          [ 0.0000e+00,  0.0000e+00,  0.0000e+00,  0.0000e+00,  0.0000e+00]],

         [[-0.0000e+00,  0.0000e+00,  0.0000e+00, -0.0000e+00, -0.0000e+00],
          [ 0.0000e+00, -0.0000e+00, -0.0000e+00,  0.0000e+00, -0.0000e+00],
          [-0.0000e+00, -0.0000e+00, -0.0000e+00,  0.0000e+00,  0.0000e+00],
          [-0.0000e+00, -0.0000e+00,  0.0000e+00,  0.0000e+00,  0.0000e+00],
          [-0.0000e+00,  0.0000e+00,  0.0000e+00,  0.0000e+00,  0.0000e+00]]],


        [[[ 7.3007e-02,  4.3752e-02, -1.0836e-01,  3.5393e-02, -7.2986e-03],
          [ 3.7494e-02, -5.4994e-02, -5.7012e-02,  5.2953e-03, -4.7421e-02],
          [-1.2729e-01, -6.2073e-02, -5.0074e-02,  1.5689e-02, -2.5398e-02],
          [-3.4968e-02,  4.1373e-02, -8.1282e-02, -6.8809e-03, -6.7213e-02],
          [ 5.6239e-02, -3.8583e-02,  4.5528e-02,  7.1176e-02,  3.0477e-02]],

         [[ 3.2916e-02,  4.1874e-02, -4.4520e-02,  7.6232e-03, -2.9719e-02],
          [ 7.2217e-02, -1.2778e-01,  2.8424e-04, -5.9307e-02,  8.4194e-02],
          [-8.6159e-02, -7.1089e-02, -1.0253e-01,  2.6746e-02, -5.6698e-02],
          [-8.6115e-02, -1.2471e-01, -6.6979e-02, -3.4898e-02, -1.3093e-02],
          [ 3.2995e-02,  1.1464e-02,  1.7102e-02, -1.8615e-03,  3.0651e-02]],

         [[-4.5601e-02, -1.0245e-01,  1.8608e-01,  3.5974e-02, -2.1123e-01],
          [-8.9901e-02,  4.4964e-04,  2.3127e-01,  3.2923e-02, -2.4557e-01],
          [ 6.3589e-03,  2.3041e-01,  1.2252e-01, -2.6504e-01, -1.6878e-01],
          [ 1.5588e-01,  9.6971e-02, -7.4326e-02, -2.0457e-01, -1.1853e-01],
          [ 1.6916e-01,  3.3856e-02, -6.5845e-02,  1.0898e-01, -7.5334e-02]],

         [[ 1.5105e-02, -2.6389e-02,  1.0520e-03,  6.7967e-02, -2.3141e-02],
          [-1.4368e-02,  7.2789e-02,  4.1178e-02, -5.3644e-02, -3.7700e-02],
          [-8.4949e-02, -4.7559e-02,  5.6081e-02, -3.5784e-02, -3.8456e-02],
          [ 3.2803e-04, -2.0953e-02, -1.0248e-02,  8.2046e-02,  6.0238e-02],
          [ 7.9837e-02,  5.1022e-03, -6.9419e-02,  5.0022e-02,  4.5478e-02]],

         [[-1.3494e-01,  1.5554e-02,  1.3979e-01, -1.6171e-02, -9.5258e-02],
          [-1.0104e-01,  7.4730e-03,  1.3243e-01, -1.6976e-01, -1.9592e-01],
          [ 1.0751e-01,  1.5316e-01, -5.7696e-02, -1.8275e-01, -1.4779e-01],
          [ 1.6885e-01,  5.7852e-02, -2.0420e-01, -3.3829e-02, -4.0900e-02],
          [-1.0673e-01, -9.7285e-02,  5.2844e-02,  7.4777e-03,  3.5087e-02]],

         [[-4.9423e-02, -1.6202e-01, -5.5644e-02,  1.1628e-01, -4.9752e-02],
          [-1.2046e-01, -2.0903e-01,  2.7286e-01,  1.9443e-01, -1.7005e-01],
          [-2.6196e-01,  1.3205e-01,  1.4224e-01, -1.7006e-01, -2.6163e-01],
          [ 5.3692e-02,  2.5245e-01, -8.4466e-02, -2.4087e-01, -1.1271e-01],
          [ 2.5724e-01,  1.3544e-01,  4.9997e-02,  1.4684e-01,  4.6837e-02]]]])