tensor([[[[-4.4894e-02,  1.3549e-01,  1.1551e-01, -3.5408e-02, -1.0242e-01],
          [-3.5413e-03,  8.2424e-02,  3.7376e-02, -1.1265e-01, -2.0787e-01],
          [ 1.5379e-01,  7.6108e-02, -2.0319e-01, -3.3880e-01, -2.2037e-01],
          [ 2.6219e-01,  8.9099e-02, -1.5603e-01, -3.5184e-01, -3.0470e-01],
          [ 2.4307e-01,  1.5078e-01, -4.4188e-02, -1.4527e-01, -1.1878e-01]],

         [[-6.0219e-03, -2.9029e-02,  7.3364e-03,  5.1095e-02,  4.2447e-02],
          [ 8.2478e-02,  4.5504e-02,  6.5716e-02,  1.0372e-01,  2.7114e-01],
          [ 5.2947e-03, -4.8729e-02,  8.0026e-02,  2.3313e-01,  2.5723e-01],
          [-1.0104e-02, -5.4399e-02,  2.8452e-02,  1.7582e-01,  2.3359e-01],
          [-9.6755e-02, -1.6425e-01, -1.4145e-02,  1.3752e-01,  7.1623e-02]],

         [[-5.3598e-02,  5.7810e-02,  8.9078e-02,  5.7386e-02,  2.0754e-02],
          [ 4.4158e-02,  6.5045e-02,  7.8485e-02, -4.8863e-02, -1.0226e-01],
          [ 9.0381e-02,  3.0108e-02, -9.2192e-02, -1.2334e-01, -2.3200e-01],
          [ 1.7265e-01,  5.4765e-02, -7.8197e-02, -2.2883e-01, -1.1985e-01],
          [ 1.9481e-01,  9.4576e-02,  7.6257e-02,  6.6456e-02, -4.7465e-02]],

         [[-7.1280e-02, -5.4090e-02,  1.6576e-01,  7.7033e-02,  1.1138e-01],
          [-4.5141e-02,  9.8236e-02,  2.6820e-01,  2.2708e-01,  8.8069e-03],
          [ 9.0034e-02,  1.5920e-01,  1.2319e-01, -3.9227e-02, -1.3933e-01],
          [ 1.5726e-01,  1.6923e-01,  2.5716e-02, -2.7155e-01, -2.4845e-01],
          [ 2.2094e-01,  2.5433e-01, -7.6129e-02, -1.5571e-01, -1.6737e-01]],

         [[ 1.1713e-01,  1.2934e-01,  1.2150e-01, -4.8228e-02, -1.1279e-01],
          [ 9.9832e-02,  9.4747e-02, -3.8535e-02, -1.8412e-01, -1.9625e-01],
          [ 1.0075e-01, -3.2580e-02, -5.8121e-02, -2.6559e-01, -1.6021e-01],
          [ 1.3578e-01, -2.4464e-02, -1.6408e-01, -9.2002e-02, -7.0405e-02],
          [ 4.2614e-02,  9.0878e-02, -7.6637e-03,  3.8676e-02,  1.5320e-02]],

         [[-6.7624e-02, -6.7989e-02,  1.0481e-01,  1.0260e-01,  2.2754e-01],
          [-1.5461e-01,  1.1165e-01,  2.3118e-01,  2.0869e-01,  1.7585e-01],
          [-7.1858e-02,  1.5463e-01,  3.1454e-01,  1.5281e-01, -2.7602e-02],
          [ 7.2488e-03,  3.5398e-02,  9.0726e-02,  3.0390e-02, -1.7542e-01],
          [-7.5628e-02,  1.4082e-01,  7.3823e-02, -9.4406e-02, -1.2076e-01]]],


        [[[-2.5179e-02,  2.4099e-02, -4.1642e-02, -7.5940e-02,  2.5467e-02],
          [-4.7172e-02, -1.5721e-01, -1.2316e-01, -1.3753e-01, -1.5306e-01],
          [-1.9399e-01, -2.4308e-01, -2.0354e-01, -6.1695e-02, -7.4480e-02],
          [-1.3698e-01, -1.7329e-01, -8.5099e-02, -4.9591e-02, -2.0887e-02],
          [-4.0250e-03,  7.8139e-02,  1.0477e-01,  9.9585e-02, -4.8181e-02]],

         [[-9.6723e-02, -3.9531e-03, -5.1680e-02,  2.2047e-02, -2.0092e-02],
          [ 9.1741e-03,  9.2918e-02,  1.6289e-01,  4.7716e-02,  1.0135e-01],
          [ 1.8119e-02,  1.9139e-01,  2.0805e-01,  8.4618e-02,  7.4912e-02],
          [-7.8429e-02,  6.5090e-02, -1.0243e-01, -7.7674e-02, -1.4256e-01],
          [-4.5337e-02, -1.2826e-01, -1.0553e-01,  1.2152e-02, -1.6316e-02]],

         [[-2.9413e-02,  8.2044e-02,  1.0067e-01, -1.3715e-02, -4.2622e-02],
          [-1.4162e-01, -1.0695e-01, -1.9628e-01, -1.9657e-01, -1.2141e-01],
          [-1.6507e-01, -2.1672e-01, -1.3450e-01, -4.0288e-03, -1.2205e-02],
          [-4.3822e-02, -2.7442e-03,  1.2122e-02, -1.2178e-02,  3.0773e-02],
          [ 1.6516e-01,  2.8890e-02,  1.1126e-01,  8.4290e-02,  2.0964e-02]],

         [[ 7.8044e-02,  1.8137e-04,  1.4104e-01,  1.6003e-03,  1.1184e-02],
          [-8.1524e-03,  1.5697e-01,  6.7551e-02, -2.2486e-02, -9.1949e-02],
          [-2.4039e-01, -3.1549e-01, -2.5706e-01, -2.1162e-01, -1.4749e-01],
          [-2.9586e-01, -3.2826e-01, -1.6771e-01, -5.6032e-02, -8.7356e-02],
          [-2.0078e-02,  1.1405e-01,  9.1871e-02,  1.6554e-01,  1.7240e-01]],

         [[ 3.5685e-02,  5.2309e-02, -9.4141e-02, -9.7837e-02,  4.3754e-02],
          [-1.0930e-01, -1.6256e-01, -6.9759e-02, -4.8474e-02, -1.2398e-01],
          [-1.8646e-01, -7.1099e-02, -2.8612e-02, -4.2650e-02,  2.4916e-02],
          [-4.7814e-02,  4.7963e-02,  5.3375e-02,  1.3096e-01,  1.1180e-01],
          [ 1.5331e-01,  1.1532e-01, -3.5340e-02, -2.8232e-02,  3.8278e-02]],

         [[ 6.1785e-02,  4.4719e-02,  1.1355e-01,  1.1362e-01,  1.9947e-02],
          [ 1.3810e-01,  1.5367e-01,  1.2672e-01, -6.1056e-03, -9.6397e-02],
          [-9.1158e-02, -2.3756e-02, -1.8299e-01, -1.2665e-01, -2.0468e-01],
          [-1.1569e-01, -2.4294e-01, -2.1451e-01, -1.6747e-01, -1.4146e-01],
          [-7.4038e-02,  5.9316e-02,  7.1999e-02, -2.8340e-02,  5.0483e-02]]],


        [[[-7.9056e-02, -5.3440e-02, -7.5060e-02, -2.8009e-02, -2.0391e-01],
          [-1.6973e-01, -8.1276e-02, -4.2312e-02, -1.8811e-02, -1.0246e-02],
          [ 3.9109e-02,  1.0275e-01,  2.9937e-01,  3.1509e-01,  1.5192e-01],
          [ 8.4321e-02,  2.8654e-01,  3.4989e-01,  4.1008e-01,  2.0910e-01],
          [ 1.3826e-01,  1.3054e-01,  2.5006e-01,  2.0695e-01,  1.3439e-01]],

         [[ 4.0264e-02, -4.5764e-02,  1.6763e-02, -4.8697e-02, -4.8807e-02],
          [ 5.5151e-02, -2.1416e-02, -1.5047e-01, -1.9715e-01, -1.9072e-01],
          [-1.7082e-01, -2.7125e-01, -2.6660e-01, -3.8493e-01, -3.4474e-01],
          [-9.7298e-02, -2.0204e-01, -3.7835e-01, -3.5300e-01, -3.0092e-01],
          [-1.5329e-01, -1.1238e-01, -3.0213e-01, -1.3412e-01, -1.6405e-01]],

         [[-6.4434e-02, -1.3433e-01, -5.9694e-02, -1.6204e-01, -1.1870e-01],
          [-7.0795e-02, -2.5273e-04, -1.0056e-02,  1.0147e-01, -2.2818e-02],
          [-6.5469e-02,  1.5734e-01,  2.6850e-01,  2.0239e-01,  5.8870e-02],
          [ 1.1619e-01,  1.5382e-01,  1.9607e-01,  2.1133e-01,  2.4445e-02],
          [-5.1942e-02,  7.2865e-02,  7.8239e-02,  2.0590e-02, -5.8375e-04]],

         [[ 3.1560e-02, -3.8897e-02,  9.1951e-03, -7.4191e-02, -5.5912e-02],
          [-1.5593e-01, -2.1316e-01, -2.2874e-01, -2.6164e-01, -1.5559e-01],
          [-2.4977e-01, -2.3499e-01,  3.7182e-02,  2.7577e-02, -6.2260e-03],
          [-7.8213e-02,  1.2780e-01,  1.9741e-01,  3.2956e-01,  2.3971e-01],
          [ 8.5251e-02,  9.3071e-02,  2.4907e-01,  2.6137e-01,  2.2395e-01]],

         [[-3.0662e-02, -8.6343e-02, -4.9801e-02, -1.2880e-01, -1.7733e-01],
          [-9.9491e-02, -5.7068e-03,  8.1999e-02, -1.0734e-02,  5.7352e-03],
          [ 4.9830e-02,  7.4005e-02,  1.3897e-01,  9.8316e-02,  6.3280e-02],
          [ 6.7056e-02,  1.6947e-01,  6.1650e-02,  8.8858e-02, -1.5014e-03],
          [-3.3277e-02,  3.6486e-02,  7.1125e-02, -3.9429e-02, -9.5658e-02]],

         [[-8.1113e-02, -6.7768e-02, -3.1580e-03, -1.0437e-01, -4.7499e-02],
          [-9.0922e-02, -3.1780e-01, -1.8368e-01, -2.5264e-01, -2.5440e-01],
          [-3.2585e-01, -2.9099e-01, -2.3447e-01, -1.0965e-01, -1.0032e-01],
          [-1.7089e-01, -1.1278e-01,  4.2929e-02,  7.4372e-02,  1.6825e-01],
          [-1.2122e-01, -9.5743e-02,  6.0789e-02,  1.8209e-01,  8.3304e-02]]],


        ...,


        [[[-4.3734e-02, -9.5364e-02, -1.1018e-01, -5.9544e-02,  8.4411e-02],
          [-5.5496e-02, -2.3856e-01, -3.0393e-01, -2.9161e-01, -2.0571e-01],
          [-5.3938e-02, -1.4430e-01, -2.8020e-01, -3.4449e-01, -1.8690e-01],
          [ 1.8457e-01,  5.9717e-02,  5.7056e-02, -1.7006e-03,  8.9267e-03],
          [ 2.2825e-01,  3.7549e-01,  2.7971e-01,  1.7990e-01,  6.1649e-02]],

         [[-3.1467e-02, -4.0103e-02,  1.3944e-02,  1.3226e-01,  7.1194e-02],
          [-6.2933e-02,  4.9948e-02,  1.2641e-01,  2.7532e-01,  1.0095e-01],
          [-9.1742e-02,  8.2302e-02,  8.4725e-02,  1.8650e-01,  1.4277e-01],
          [-6.7563e-02, -2.3170e-01, -2.7001e-01, -4.4173e-02, -9.7234e-02],
          [-8.8351e-02, -2.1568e-01, -3.0515e-01, -2.7959e-01, -1.7603e-01]],

         [[ 3.0562e-02, -6.4641e-02, -1.1123e-01, -1.0804e-01, -1.6599e-02],
          [-9.6699e-02, -1.3544e-01, -1.4303e-01, -2.3524e-01, -6.7172e-02],
          [ 5.3409e-02, -6.1798e-02, -2.1852e-01, -2.2307e-01, -6.5248e-02],
          [ 1.8708e-01,  2.6672e-01,  2.6210e-01,  8.3712e-02,  5.4951e-02],
          [ 1.7886e-01,  3.2837e-01,  2.5457e-01,  1.5109e-01,  1.3126e-01]],

         [[ 8.2808e-02,  9.2285e-02,  1.5258e-01, -1.5908e-03,  5.9611e-02],
          [-3.5971e-02,  7.3106e-02, -1.9528e-02, -1.3205e-01, -5.9617e-02],
          [-1.6283e-01, -2.8409e-01, -4.0767e-01, -3.7283e-01, -2.1113e-01],
          [-3.9341e-02, -1.3587e-01, -2.9114e-01, -3.1629e-01, -1.4987e-01],
          [ 1.3757e-01,  2.6436e-01,  2.5591e-01,  1.6587e-01,  8.5608e-02]],

         [[ 4.6933e-02,  2.0010e-02, -6.1254e-02, -8.0217e-02, -6.6663e-02],
          [-7.7768e-02, -7.8326e-02, -2.9438e-01, -2.0848e-01, -3.4973e-02],
          [ 1.5582e-02, -3.8197e-02, -1.0106e-01, -4.5736e-02, -1.2239e-01],
          [ 1.7361e-01,  1.0923e-01,  1.4521e-01,  8.5217e-02,  8.0791e-02],
          [ 2.1162e-01,  2.5267e-01,  2.1944e-01,  6.9051e-02,  1.2235e-03]],

         [[-2.3211e-02,  5.4681e-02,  2.1715e-01, -5.0225e-04,  9.0290e-02],
          [ 7.9644e-02,  1.6704e-01,  1.7138e-01,  6.2999e-02, -6.8956e-02],
          [-2.0557e-02, -4.3570e-02, -1.0899e-01, -1.7397e-01, -1.1417e-01],
          [-1.8043e-01, -3.0326e-01, -2.4448e-01, -1.9592e-01, -2.0315e-01],
          [-8.2532e-02,  3.5541e-02,  2.0252e-02,  1.0744e-01,  7.9719e-02]]],


        [[[ 1.3740e-02, -1.0366e-02,  6.0062e-02,  1.3009e-01,  6.8621e-02],
          [ 4.7557e-02,  1.2323e-01,  6.7890e-02,  6.3086e-02,  2.3840e-02],
          [ 1.6798e-01,  1.0855e-01, -2.0111e-02, -1.5250e-01, -1.1422e-01],
          [ 9.9198e-02, -4.8581e-02, -2.5212e-01, -3.7082e-01, -2.4900e-01],
          [-8.8446e-02, -1.4643e-01, -2.9140e-01, -2.7920e-01, -3.3199e-02]],

         [[-7.1790e-02, -1.5331e-01, -3.4213e-02, -1.6966e-01, -6.5733e-02],
          [-1.0391e-01, -2.1534e-01, -1.5102e-01, -4.1170e-02, -6.8795e-03],
          [-6.8725e-02, -1.4965e-01,  3.5921e-02,  2.6738e-02,  6.1077e-02],
          [-9.0109e-02, -8.2970e-04,  8.5865e-02,  1.8853e-01,  2.0694e-01],
          [ 3.9763e-02,  1.0290e-01,  6.7024e-02,  7.7958e-02, -2.1026e-03]],

         [[-5.2772e-02,  1.1333e-02,  3.9910e-02, -3.4694e-02, -3.6196e-02],
          [ 1.0058e-01,  5.2717e-02, -6.8676e-02, -9.1432e-02, -9.2827e-02],
          [ 1.8832e-01, -2.7342e-02, -1.2250e-01, -1.3947e-01, -5.8459e-02],
          [ 4.2943e-03, -7.2158e-02, -1.9102e-01, -2.5931e-01, -9.1331e-02],
          [-8.2914e-02, -4.4676e-02, -1.1513e-01, -5.2405e-02,  2.8451e-03]],

         [[ 4.9345e-02, -9.6492e-04,  9.7424e-02,  5.2711e-02,  1.6034e-01],
          [-3.9706e-02,  4.0534e-03,  2.8893e-02,  1.0333e-01,  1.0312e-01],
          [ 1.3663e-01,  1.7121e-01,  5.4557e-02, -9.9114e-02,  5.3796e-03],
          [ 2.0117e-01,  1.4724e-01, -1.9640e-02, -3.5953e-01, -3.3858e-01],
          [-1.1465e-01, -1.3087e-01, -3.3647e-01, -4.1653e-01, -3.2987e-01]],

         [[-1.4290e-02, -2.5903e-04, -1.5603e-02,  8.8230e-02, -1.8624e-02],
          [ 5.4395e-03, -2.2005e-02, -4.3547e-03,  3.1488e-02, -9.9657e-02],
          [ 1.2428e-01,  2.4949e-02, -1.0388e-01, -1.2075e-01, -1.5468e-01],
          [-7.1812e-02, -1.1484e-01, -1.7695e-01, -1.9680e-01, -1.5791e-01],
          [-1.3707e-01, -1.5612e-01, -1.1605e-01,  3.2239e-02,  3.6184e-02]],

         [[-1.0343e-01,  2.4724e-02, -6.6112e-02, -8.3012e-02,  8.5899e-02],
          [-7.5687e-02, -3.3513e-02,  9.2918e-02,  7.9637e-04,  9.4828e-02],
          [-3.3603e-02,  2.3671e-01,  1.6217e-01,  4.4167e-02,  2.1312e-02],
          [ 1.6631e-01,  2.7556e-01,  3.1409e-02, -1.3041e-01, -1.2292e-01],
          [-9.7535e-03,  2.8531e-02, -9.0548e-02, -1.6872e-01, -1.7003e-01]]],


        [[[ 2.2801e-02, -1.3552e-02,  8.4670e-02, -3.4128e-02, -1.0085e-01],
          [-1.0440e-01, -4.8865e-02,  1.7789e-01,  1.3582e-01, -5.3245e-02],
          [ 3.6272e-02,  3.7975e-02,  1.2927e-01,  1.6807e-01,  1.8452e-02],
          [-1.0205e-01, -6.2320e-02, -4.9212e-02, -4.4155e-02, -9.1010e-02],
          [-1.9825e-01, -1.1949e-01, -5.9435e-02, -4.9284e-02, -5.6352e-02]],

         [[ 9.1110e-03,  1.7778e-02, -6.9277e-02, -1.5390e-01,  2.5939e-02],
          [-7.7901e-02,  6.5651e-04, -9.2765e-02, -2.0383e-01, -1.4776e-01],
          [ 3.7944e-02,  1.0744e-02, -6.2259e-02, -2.4098e-01, -1.2608e-01],
          [ 6.3265e-02, -3.7175e-02,  7.1992e-04, -6.4814e-02,  4.7543e-02],
          [ 4.4355e-02,  7.3143e-02,  2.7806e-02,  7.8057e-02,  5.6928e-02]],

         [[-8.9495e-03, -3.9444e-02,  3.7580e-02, -4.5304e-02, -2.1556e-02],
          [-3.3886e-03,  1.4339e-03,  2.5311e-03,  1.1660e-01,  5.0586e-02],
          [-8.6217e-03, -4.0064e-02,  6.9964e-02,  1.4432e-01,  7.4233e-02],
          [-2.0674e-02, -1.6840e-02, -1.1791e-01, -1.1822e-01, -9.6767e-02],
          [-9.7995e-02, -1.4746e-01, -1.2480e-01, -1.4938e-01, -2.2424e-02]],

         [[-8.2136e-02, -1.6465e-01, -3.9598e-02, -8.3893e-03, -1.3908e-01],
          [-2.0493e-02, -5.6333e-02, -1.5876e-02, -2.1582e-02,  3.8030e-02],
          [-1.8068e-02, -7.6254e-02,  8.9725e-02,  1.6386e-01,  8.7098e-02],
          [ 3.8868e-02, -1.1018e-02,  1.2309e-01,  1.1583e-01,  1.2126e-01],
          [-1.2395e-01, -1.9466e-01, -3.6303e-02, -1.5497e-01, -1.7623e-01]],

         [[ 2.4162e-03,  5.8809e-02,  5.3536e-02,  8.9662e-03,  2.7286e-02],
          [-1.0725e-02,  7.9781e-02,  1.2558e-01,  6.2851e-02,  3.1027e-02],
          [-7.3045e-02,  5.9793e-02,  8.6895e-02,  5.9618e-02, -3.9077e-02],
          [-1.0213e-01, -9.6812e-02, -1.2019e-01, -1.3276e-01, -7.9484e-02],
          [-1.2361e-01, -4.1892e-02, -7.9006e-02, -2.9135e-02,  1.9755e-02]],

         [[-1.0242e-01, -1.4702e-01, -1.9769e-01, -4.3989e-02, -5.4988e-02],
          [-8.7065e-02, -2.3196e-01, -1.9282e-01, -6.2663e-03, -9.6164e-02],
          [ 3.8290e-02,  1.1211e-02, -5.1273e-02,  1.3817e-01,  3.5764e-03],
          [ 8.5422e-02, -3.2992e-02,  5.4399e-03,  8.8761e-02,  3.2003e-02],
          [ 3.9285e-03, -2.5921e-02, -6.3727e-02, -1.7664e-02, -6.4796e-02]]]])