tensor([[[[-8.4248e-03,  8.8619e-03,  1.6442e-02,  3.7656e-02, -3.5636e-02],
          [-3.9820e-02, -3.9749e-02, -1.2527e-01, -1.3869e-02,  1.2648e-01],
          [-5.5979e-02,  5.0572e-02,  1.9150e-02, -3.6636e-02, -7.0742e-03],
          [ 6.2759e-02,  4.1689e-02, -7.1999e-02,  3.9747e-02, -2.3640e-03],
          [ 2.1207e-02, -6.5269e-03,  4.3821e-02,  8.2731e-02,  6.3580e-02]],

         [[-4.0168e-02,  3.7883e-02,  7.7019e-02,  8.4099e-02,  2.0032e-02],
          [-5.4512e-02,  2.8740e-02,  3.6097e-02, -1.4782e-02, -4.8616e-02],
          [ 2.4949e-02, -9.5497e-02,  3.5642e-02, -4.9426e-02, -2.7906e-02],
          [-3.3169e-03,  5.4690e-02, -2.8773e-02, -2.3792e-02, -4.4133e-02],
          [-4.5653e-02,  4.8262e-02,  3.8868e-02,  4.0947e-03,  1.8514e-02]],

         [[ 8.9182e-02,  6.8238e-02,  8.2653e-02,  5.3947e-02, -2.3596e-02],
          [ 3.3338e-02, -1.1624e-01,  5.6113e-02,  1.0202e-01, -7.7282e-03],
          [ 9.0265e-02, -2.6534e-03, -1.0255e-01,  8.1284e-02,  5.2397e-03],
          [-2.9578e-02, -1.0948e-01, -2.7486e-02,  9.2431e-03, -4.3949e-02],
          [-2.3891e-03,  3.2960e-02,  8.5163e-02, -3.2242e-02, -1.3507e-02]],

         ...,

         [[-7.6046e-02, -3.7805e-02, -5.0091e-02,  5.2426e-02,  1.1001e-01],
          [-4.8071e-02,  1.7507e-03, -3.2560e-02, -3.6844e-02,  1.4589e-01],
          [-4.4729e-02,  2.9424e-02,  2.9072e-02, -1.1134e-01,  2.2032e-02],
          [-9.6418e-03, -9.4372e-03, -3.6472e-02, -8.2242e-02, -3.7620e-02],
          [ 5.1813e-02,  8.6806e-02, -2.3825e-03, -2.8660e-03,  2.0475e-02]],

         [[ 9.4545e-03,  2.9970e-02, -7.5818e-03,  2.1408e-02, -2.3897e-02],
          [ 5.8936e-02,  7.2580e-02, -1.1972e-01, -7.9845e-02,  6.8123e-02],
          [-3.8151e-02, -1.2074e-02, -5.6331e-03, -5.6431e-02, -2.6668e-02],
          [ 8.5799e-02, -1.5485e-02,  4.8932e-02, -4.4172e-03,  8.9619e-02],
          [-2.0386e-03,  5.4830e-02,  4.4314e-03,  6.0548e-02,  4.6279e-02]],

         [[ 4.5329e-02, -2.7906e-02, -5.4329e-02, -8.1748e-02, -3.0010e-02],
          [-6.3986e-02, -5.5524e-02,  1.2342e-02, -3.7970e-03,  2.1635e-02],
          [ 4.2561e-02, -7.5831e-03,  1.8075e-02, -1.4551e-02,  1.3294e-02],
          [ 5.0781e-02, -3.0796e-02, -1.4048e-02, -9.5034e-03,  5.8645e-02],
          [-3.6924e-02, -4.9510e-02,  1.7479e-02, -2.0207e-02, -3.4621e-02]]],


        [[[-4.6848e-02, -6.2972e-03,  1.3623e-02,  3.3708e-02,  4.0685e-02],
          [-5.6776e-03,  6.2415e-02, -3.2229e-02,  2.0981e-02, -5.6979e-02],
          [-4.3505e-02,  4.4834e-02,  5.5968e-02, -8.0083e-02, -2.1799e-03],
          [-8.2850e-02,  5.1422e-02,  1.3325e-02,  2.4690e-02, -3.4619e-02],
          [-7.7163e-03, -5.8810e-02, -2.3221e-02,  2.4610e-02, -3.7823e-02]],

         [[ 2.5781e-02,  2.6879e-03, -6.1055e-03, -1.7571e-02, -4.6828e-02],
          [-3.1442e-02, -2.8259e-02,  1.5151e-02,  2.6405e-02, -6.0798e-03],
          [-3.0127e-02, -3.6558e-02,  1.5689e-03, -2.2611e-02,  3.8439e-02],
          [ 1.2218e-02, -4.8863e-02,  6.7976e-02,  5.0796e-02, -4.5461e-02],
          [ 5.0385e-02,  4.1695e-02, -6.4146e-02,  5.4304e-03,  4.1362e-02]],

         [[ 3.8285e-02, -2.8224e-03, -7.8766e-03,  2.3574e-02,  1.4159e-02],
          [-2.0104e-02,  1.2486e-02, -6.7354e-03,  4.0313e-02,  5.3214e-02],
          [ 4.8327e-02,  2.0911e-02,  1.1107e-02,  2.1984e-02, -2.4230e-03],
          [ 2.7976e-02, -3.4947e-03, -2.1523e-02,  6.1339e-02,  1.1308e-02],
          [-1.5311e-02,  4.4131e-03,  4.1273e-02, -3.7349e-02, -6.9478e-03]],

         ...,

         [[ 1.0525e-02, -2.9955e-02, -1.9153e-02, -1.4172e-02,  3.2573e-02],
          [ 2.1313e-02,  4.1463e-02,  2.5659e-02, -2.3131e-03, -4.0254e-02],
          [ 3.2451e-02, -2.2517e-02,  1.3031e-02,  3.0223e-02,  1.7074e-02],
          [-5.3323e-02, -3.0373e-02,  5.2136e-02,  9.6913e-03,  6.3811e-03],
          [-2.0743e-02, -4.4405e-02,  4.6496e-02,  1.4611e-02, -2.5988e-03]],

         [[-7.7489e-03, -1.7547e-02, -1.3117e-02,  2.8162e-02,  3.3087e-02],
          [ 4.6164e-02,  8.3773e-03,  4.9622e-02,  1.7601e-02, -6.6097e-02],
          [-3.0227e-02, -3.9086e-02,  4.7675e-02,  1.2400e-02, -2.1167e-02],
          [-4.0342e-02,  4.4111e-02, -2.4133e-02, -2.4556e-02, -1.6416e-02],
          [ 4.6986e-02, -1.0531e-01, -3.4587e-02,  3.2566e-02,  4.1345e-02]],

         [[ 3.4332e-02,  1.0910e-02,  4.1337e-02, -8.4343e-03, -2.2290e-03],
          [-2.3025e-02, -3.9984e-02,  3.9238e-02, -1.4226e-02, -7.2501e-03],
          [-2.3731e-02, -9.2581e-03,  2.2458e-02, -1.6846e-02, -2.3013e-02],
          [-4.0788e-02,  3.7772e-02, -5.6019e-02,  2.6783e-02, -1.8495e-02],
          [-4.6362e-02,  2.7979e-02, -1.4898e-03,  5.2250e-02,  1.8390e-02]]],


        [[[ 2.4156e-03,  2.8134e-02,  1.2208e-02,  6.2373e-02, -1.2967e-02],
          [ 2.6429e-02,  2.5565e-02, -2.9637e-02,  7.7518e-02, -3.9801e-02],
          [ 3.4459e-02,  3.5812e-03, -2.1259e-02, -5.4706e-02, -8.4502e-03],
          [-4.4172e-02, -4.3468e-02, -2.9895e-02,  4.6204e-02,  3.2556e-02],
          [-2.1473e-02,  9.7961e-03, -1.0184e-02,  7.4707e-02,  8.8143e-03]],

         [[-4.3101e-02, -1.6531e-02,  2.7475e-02, -1.7924e-02,  2.7372e-02],
          [-3.7361e-02,  5.8120e-03, -4.2382e-02, -4.5990e-02, -3.7965e-02],
          [-3.2110e-02, -2.1407e-02,  9.7101e-03,  2.0824e-02,  3.5860e-03],
          [-1.1730e-02,  8.7621e-03, -2.0192e-02, -4.6924e-02,  6.2294e-03],
          [ 4.5521e-02, -3.4224e-02, -1.9106e-02,  5.3321e-02,  6.5688e-02]],

         [[-2.9033e-02,  1.0817e-02, -6.7684e-02,  1.0371e-03,  4.9574e-03],
          [ 1.5931e-02,  4.7701e-03,  8.0983e-03, -7.5923e-02,  2.9634e-02],
          [ 6.2117e-02, -5.4378e-02, -6.8252e-02, -3.2009e-02,  5.3959e-03],
          [ 3.8669e-02,  3.6167e-02, -3.7332e-02,  1.9131e-02, -8.6749e-02],
          [ 2.6759e-03, -2.5083e-02, -4.0985e-02, -4.4561e-02, -5.9992e-02]],

         ...,

         [[ 4.1049e-03, -2.6956e-02, -1.9022e-02, -4.5547e-02, -4.9258e-02],
          [ 4.1001e-02, -2.5345e-02, -1.3226e-02, -4.2639e-02,  3.6562e-02],
          [-4.1292e-02,  2.1293e-02, -4.2799e-02, -4.5298e-02, -1.8929e-02],
          [-4.6263e-02,  1.7882e-02,  1.2228e-02,  1.4824e-03, -2.7101e-02],
          [ 3.3399e-03,  2.6529e-02, -3.2275e-02,  2.6016e-02,  4.7399e-02]],

         [[ 2.3768e-02, -4.7042e-02, -6.3497e-03,  2.2017e-02,  8.6250e-03],
          [-5.2041e-02, -9.3690e-03,  3.6493e-02, -3.7400e-02,  4.2154e-02],
          [ 2.0677e-02,  3.1440e-02, -1.6542e-02, -5.9342e-02, -3.7029e-02],
          [ 6.0951e-02, -7.2917e-02, -2.9108e-02, -4.2683e-02,  2.0958e-03],
          [ 1.7374e-02,  5.8237e-02, -3.2232e-02, -2.2052e-03,  3.2296e-03]],

         [[ 3.0822e-02, -1.3556e-02, -5.7132e-02, -5.9274e-02, -3.7057e-04],
          [ 1.8353e-02, -2.5625e-02,  4.2072e-02,  1.4391e-02, -6.4489e-02],
          [-3.4661e-02,  3.5650e-02, -1.0877e-02, -4.5870e-02,  3.0366e-02],
          [-1.7653e-02, -3.2528e-02,  5.0895e-03, -1.8094e-02,  8.0286e-03],
          [-1.1743e-02,  4.7912e-02,  1.3017e-02,  5.9919e-03,  2.3380e-02]]],


        ...,


        [[[-4.3304e-02,  5.1157e-02,  6.2217e-02, -2.8646e-02,  2.7761e-02],
          [ 2.4304e-02, -1.8355e-02,  5.5415e-02,  3.7317e-02,  3.8384e-02],
          [-2.3407e-02,  2.4319e-02, -1.5240e-02, -4.5192e-02, -3.4683e-02],
          [ 5.3151e-02, -4.0853e-02, -2.7337e-02,  3.7621e-03,  5.5113e-02],
          [-3.6307e-02, -2.3387e-02, -6.0935e-02, -8.3008e-02, -2.8545e-02]],

         [[-2.2324e-02,  2.2994e-02,  1.8741e-02, -1.6037e-02, -4.9321e-03],
          [ 3.8334e-02,  3.2306e-02,  4.6138e-02,  8.2026e-02,  8.1774e-02],
          [ 6.0893e-02, -3.0236e-02, -2.2766e-02, -4.7647e-02,  2.3745e-02],
          [ 3.0097e-02,  1.0880e-02, -1.6049e-02, -7.4089e-02, -4.1715e-02],
          [-8.8082e-03, -1.1576e-02, -2.7840e-02, -2.7617e-02,  8.1355e-03]],

         [[ 1.1405e-02,  2.7623e-02, -4.2445e-02,  1.9473e-02, -6.1794e-02],
          [ 5.0560e-02, -2.4873e-02, -3.4637e-02, -2.4126e-02, -2.6090e-02],
          [-3.3783e-02,  2.2262e-02,  6.0574e-02, -1.0671e-02,  3.7245e-02],
          [ 2.3507e-02, -6.1380e-03,  3.1038e-02,  5.1555e-02,  5.2883e-02],
          [-2.0595e-03, -4.9128e-02, -7.0128e-02, -2.7816e-02, -3.9399e-02]],

         ...,

         [[ 1.2304e-02, -2.7199e-03,  1.1827e-03,  1.7681e-02,  8.2720e-03],
          [-4.4600e-05, -5.0746e-03,  1.2251e-02, -1.5310e-02,  9.4296e-02],
          [ 8.3418e-02,  5.7231e-02,  1.4413e-02,  1.5372e-02, -1.7849e-02],
          [ 8.2966e-03, -2.9781e-02, -3.8243e-02, -1.3498e-02, -4.9113e-02],
          [ 3.5220e-02, -4.3196e-02, -9.5608e-02, -2.4385e-02,  1.0302e-02]],

         [[ 5.0361e-02,  2.0267e-02, -1.6779e-02, -6.7115e-03,  1.0030e-01],
          [ 2.9915e-02, -1.5646e-02,  4.3694e-02, -1.2268e-02, -4.3877e-02],
          [-5.4716e-02,  3.5509e-03, -6.5117e-02, -4.4021e-02, -6.3193e-02],
          [ 2.1423e-02, -5.2226e-02, -7.2435e-02, -9.4514e-03, -6.7559e-03],
          [-4.4056e-02,  3.1930e-02,  5.9099e-02,  1.6954e-02, -3.8126e-03]],

         [[-1.2096e-03,  1.4817e-02,  5.4513e-02,  4.9296e-03,  2.8151e-02],
          [ 1.3998e-02, -2.5376e-02,  2.6902e-02,  4.4311e-02, -3.2843e-03],
          [ 1.4483e-02,  4.2760e-02,  2.9237e-02, -1.9552e-02, -4.1274e-02],
          [-5.9376e-03, -2.0141e-02,  1.2133e-02,  3.0438e-03, -4.5786e-02],
          [-1.8940e-02, -2.2166e-02, -1.2120e-03,  5.1596e-02, -2.1786e-03]]],


        [[[-2.6411e-03,  3.1234e-03,  1.1133e-02,  7.1801e-02,  2.1206e-02],
          [-1.7549e-02, -7.6293e-02,  1.5674e-02, -1.7794e-03,  1.4732e-02],
          [-1.1323e-02,  8.8959e-03, -6.6767e-03, -5.7124e-02,  3.1406e-02],
          [ 1.1877e-03,  4.3566e-02, -2.8506e-02, -6.0956e-02,  4.1366e-03],
          [ 2.5021e-02,  3.4876e-02,  3.1239e-02,  2.1443e-02, -3.1816e-02]],

         [[ 3.0625e-02, -4.1737e-02, -7.7987e-02, -5.4448e-02, -3.7356e-02],
          [ 1.9694e-02, -2.8282e-02, -6.0479e-02, -2.3683e-02, -7.3853e-04],
          [ 2.5910e-02,  3.6955e-02, -5.0222e-03,  5.5779e-03,  3.7367e-02],
          [-2.7638e-02, -6.0940e-03,  6.8294e-03,  4.7951e-02,  1.2926e-02],
          [-4.9138e-02, -3.3191e-02,  7.6217e-03,  5.9693e-02, -1.0651e-02]],

         [[ 2.5820e-02,  4.8797e-03, -1.6715e-02,  3.3261e-02, -1.7882e-02],
          [-2.5466e-02,  9.4966e-03, -3.7163e-02, -5.8153e-03,  2.0792e-02],
          [-2.1598e-03,  2.1704e-03, -5.3664e-02,  4.0796e-02, -2.1918e-02],
          [-2.5979e-02,  1.3087e-02,  2.7845e-02,  4.5370e-02, -4.3331e-03],
          [ 3.3569e-02,  4.2282e-02, -1.5413e-02, -4.9631e-02,  3.4196e-02]],

         ...,

         [[-2.7258e-02,  2.1228e-02, -3.9641e-02,  1.4704e-02,  5.8098e-02],
          [ 1.6989e-02, -8.7605e-04, -4.3534e-02, -4.2939e-02, -2.9096e-02],
          [ 1.8786e-02,  2.2956e-02, -7.8822e-03,  1.9819e-03, -6.3581e-02],
          [ 2.2690e-02, -3.9236e-03,  6.1874e-02, -4.6886e-02,  1.4674e-03],
          [-7.3965e-03, -3.3955e-02,  7.1610e-02,  3.2562e-02, -3.6474e-02]],

         [[-4.0983e-03,  2.2403e-02, -2.7787e-02, -1.5558e-02, -3.4864e-02],
          [-1.6920e-03, -1.4301e-02,  1.5125e-02, -2.6426e-02,  4.9428e-03],
          [ 7.7371e-03, -4.2493e-03, -7.8024e-03,  5.7589e-02, -3.9255e-02],
          [ 2.5010e-02, -3.2580e-02, -3.5113e-02, -3.5137e-02,  1.5196e-02],
          [-5.0801e-02,  9.4656e-04,  4.0353e-03, -3.7012e-02, -6.0420e-03]],

         [[-2.3001e-02,  4.0531e-02, -1.5367e-02, -2.2205e-02,  1.1634e-02],
          [-2.1661e-02, -4.1998e-02, -8.8016e-03, -4.0284e-02,  4.9626e-02],
          [-2.6148e-02,  3.5608e-02,  5.2469e-02,  1.9468e-02,  5.1907e-03],
          [-4.2949e-02,  1.7306e-02, -4.9476e-03, -2.8326e-02, -1.5501e-02],
          [-1.7050e-02, -2.6973e-02, -3.1667e-02, -4.6128e-03, -2.4094e-03]]],


        [[[ 3.5043e-03,  2.5108e-02, -9.2736e-04, -7.5486e-02, -3.2158e-02],
          [ 1.6929e-02, -6.3776e-02, -1.4886e-02, -3.1063e-02, -2.1315e-02],
          [-2.7419e-03, -4.3426e-02,  5.8269e-04,  2.7328e-02,  5.1967e-02],
          [-2.4936e-02, -3.1470e-02, -6.0050e-02,  2.4830e-02, -1.0823e-02],
          [ 1.4633e-02, -2.4081e-02,  5.4406e-02,  5.4500e-02, -3.4668e-02]],

         [[ 2.5263e-02,  8.6508e-03, -1.2177e-02, -2.9346e-02,  3.3991e-02],
          [ 2.4828e-02,  3.1502e-02, -4.3485e-02,  2.0709e-02, -1.5637e-02],
          [-6.3749e-03, -1.6473e-02, -3.6524e-02, -1.5844e-02, -1.2230e-02],
          [ 3.2373e-03,  4.0884e-02,  7.0335e-03,  2.8028e-02,  3.6002e-02],
          [-3.9334e-02,  4.1754e-02,  3.8618e-02,  3.8959e-02,  4.4510e-02]],

         [[-5.5054e-03, -3.6291e-02,  3.7194e-02,  7.3391e-02,  3.7636e-02],
          [ 3.0489e-02,  7.7640e-02,  4.3056e-02,  4.4775e-02, -2.3227e-02],
          [-3.1425e-02, -1.0313e-02,  3.9540e-03,  1.1216e-02, -8.7928e-02],
          [ 2.0586e-03, -6.3007e-03, -1.6429e-02, -7.1220e-02, -1.3008e-02],
          [-2.4162e-02,  2.2337e-02,  7.6095e-02,  3.8849e-03,  5.6559e-02]],

         ...,

         [[-3.5431e-02, -2.1574e-02, -4.8023e-03,  3.4391e-02, -2.2132e-02],
          [ 2.0244e-02, -5.9893e-03,  4.6275e-02, -9.4617e-03, -3.3019e-02],
          [-6.0506e-02, -2.9020e-02, -8.5659e-02, -3.4065e-02,  7.6116e-03],
          [-4.6311e-02, -2.9013e-02, -7.4265e-02, -2.1225e-03,  2.3412e-02],
          [-4.5638e-02, -2.9603e-03,  7.3029e-02,  4.9916e-02,  5.3951e-02]],

         [[-5.7148e-02, -6.3950e-02,  8.5534e-03, -1.2175e-02, -8.6336e-02],
          [ 2.1334e-02,  3.2545e-02,  4.8449e-02, -6.7337e-03, -3.2278e-02],
          [ 7.1032e-02,  6.2622e-02,  9.0521e-03,  2.7525e-02,  8.7282e-02],
          [ 3.4039e-02,  3.0109e-02,  1.9595e-02,  3.3843e-02,  2.1653e-02],
          [-4.7456e-02,  3.8059e-02, -1.5385e-02, -4.2807e-02, -4.9996e-03]],

         [[ 4.6027e-02, -2.6605e-02,  5.4280e-03, -4.3470e-02, -4.2534e-02],
          [ 5.5156e-02,  1.8631e-02,  2.7667e-02,  5.5520e-02,  5.4952e-02],
          [-3.9479e-02,  2.1021e-02,  2.9158e-02, -3.3672e-02, -1.3007e-02],
          [-3.4031e-02, -3.0785e-02,  7.0552e-04,  3.6324e-02, -1.9466e-02],
          [-4.5686e-02, -2.0214e-02,  3.4831e-02, -3.8592e-02, -3.2161e-02]]]])