tensor([[[[194, 232, 185, 177, 174],
          [162, 135,  69,  35,  82],
          [112,  68,  64,  29,  73],
          [137, 123,  44,  66, 161],
          [186,  76,  23,  60, 160]]],


        [[[101,  75,  68,  93, 119],
          [108,  60,  79, 100, 146],
          [ 76,  54,  78, 151, 163],
          [147, 104, 161, 150, 164],
          [215, 236, 236, 165, 203]]],


        [[[ 34,  73, 100,  92, 121],
          [118, 161, 180, 148, 188],
          [184, 233, 187, 240, 247],
          [143, 194, 215, 202, 193],
          [ 40, 113, 171, 118,  62]]],


        [[[ 82,  50, 109, 150, 190],
          [126, 150, 155, 241, 223],
          [180, 146, 139, 255, 167],
          [117, 151, 166, 242, 161],
          [ 17,  99, 233, 235,  99]]],


        [[[124,  53,  48,  72,  80],
          [134,  69,  66,  87, 102],
          [125,  37,  65, 114, 168],
          [141, 124, 125, 184, 184],
          [243, 223, 239, 198, 198]]],


        [[[153, 203, 178, 162, 182],
          [169, 155, 119, 159, 154],
          [ 74,  48,  98,  83, 142],
          [ 16,   0,  23,  43,  71],
          [126, 200, 153, 133,  61]]]], dtype=torch.uint8)