tensor([[[[101, 104, 115,  88,  90],
          [118,  99,  61,  68,  80],
          [154, 133,  68,  60,  51],
          [182, 169, 117,  60,  83],
          [158, 170, 136,  89, 111]],

         [[124, 129, 127, 139, 124],
          [ 88,  66,  83,  91,  96],
          [110,  61,  56,  88,  85],
          [138, 150, 131, 105, 100],
          [190, 199, 191, 132,  85]],

         [[131, 131, 132, 126, 140],
          [156, 168, 167, 177, 166],
          [ 99, 133, 158, 174, 166],
          [ 60,  59, 139, 187, 165],
          [ 88,  85, 115, 147, 157]],

         [[166, 154, 158, 129, 142],
          [147, 192, 179, 164, 148],
          [134, 139, 193, 180, 148],
          [ 93, 115, 168, 186, 161],
          [118, 102, 144, 140, 127]],

         [[102, 111, 143, 131, 107],
          [ 94,  96,  96, 113, 104],
          [ 72,  73,  72,  77,  94],
          [120, 109,  92,  79,  70],
          [193, 180, 156,  95,  80]],

         [[ 87,  86,  95, 102, 116],
          [136, 126, 102,  66,  96],
          [191, 177, 124,  96,  77],
          [211, 210, 152,  86,  72],
          [173, 178, 148, 143, 112]]],


        [[[101,  69,  52,  74,  86],
          [167, 149, 118, 117, 132],
          [199, 203, 196, 190, 169],
          [174, 180, 151, 177, 147],
          [145, 192, 177, 153, 138]],

         [[109,  89,  82,  59,  88],
          [112,  93,  72,  55,  22],
          [146, 154, 143, 128, 122],
          [179, 173, 166, 173, 176],
          [123, 117, 117, 155, 139]],

         [[123, 175, 197, 169, 163],
          [ 80, 120, 107, 135, 154],
          [ 38,  47,  90,  70,  63],
          [ 78,  96,  85,  96,  84],
          [128,  88,  65,  81, 107]],

         [[156, 171, 215, 184, 163],
          [ 79, 139, 135, 161, 127],
          [ 61,  60,  73,  89,  92],
          [ 55,  71,  76,  92,  94],
          [ 94,  71,  91,  79, 116]],

         [[112,  79,  50,  83,  81],
          [104,  38,  20,  17,  11],
          [140, 135, 141, 120,  81],
          [195, 190, 183, 165, 149],
          [137, 138, 133, 146, 162]],

         [[165, 104, 107,  69,  54],
          [191, 203, 206, 174, 155],
          [179, 166, 162, 158, 155],
          [111, 124, 132, 119,  99],
          [101, 136, 178, 141, 119]]],


        [[[145, 142, 154, 115, 120],
          [185, 191, 194, 203, 152],
          [185, 192, 160, 148, 138],
          [147, 132,  96, 104, 119],
          [ 97, 103, 105, 155, 134]],

         [[105,  96, 108, 101, 112],
          [132, 115, 122, 110, 104],
          [176, 178, 180, 201, 169],
          [183, 195, 178, 127, 126],
          [119,  76,  47,  55, 105]],

         [[152, 159, 155, 173, 184],
          [115, 117, 113, 132, 148],
          [100, 106, 111, 116, 169],
          [152, 155, 170, 199, 172],
          [176, 203, 187, 145, 125]],

         [[139, 160, 145, 122, 126],
          [ 91, 102,  84,  69, 106],
          [ 75,  81,  63,  86, 123],
          [105, 141, 136, 143, 152],
          [127, 147, 135, 122, 122]],

         [[113, 101, 115,  98,  72],
          [104, 138, 118, 115,  80],
          [177, 221, 220, 188, 173],
          [208, 194, 187, 130, 106],
          [123,  62,  42,  50, 100]],

         [[136, 133, 104,  94, 107],
          [182, 181, 155, 158, 118],
          [143, 113,  78,  89,  72],
          [ 76,  55,  57,  66, 102],
          [111, 110, 145, 148, 146]]],


        ...,


        [[[137, 166, 133, 150, 161],
          [151, 186, 125, 149, 183],
          [163, 145, 106, 161, 190],
          [115, 121, 124, 138, 155],
          [140, 145, 108, 119, 143]],

         [[111, 143, 133, 135, 124],
          [130, 143, 167, 141, 110],
          [166, 168, 138, 107, 130],
          [131, 115,  80,  94, 143],
          [106, 121,  75,  64,  96]],

         [[116, 108, 125, 129, 132],
          [ 82,  79, 105, 118,  98],
          [ 96, 149, 140, 112,  70],
          [144, 167, 155, 130,  97],
          [156, 155, 178, 147, 143]],

         [[120,  86,  98, 120, 124],
          [ 65,  90, 112,  98, 104],
          [ 86, 121, 148,  83,  81],
          [111, 115, 144,  97, 101],
          [111, 104, 154, 123, 115]],

         [[137, 141, 141,  99, 100],
          [149, 160, 146, 139, 121],
          [186, 180, 146, 110, 147],
          [162, 118,  87, 110, 155],
          [120, 104,  92,  87, 134]],

         [[123, 133, 143,  98, 146],
          [135, 115, 102, 112, 145],
          [ 85,  56,  67, 121, 154],
          [ 42,  62,  85,  94, 123],
          [ 47,  68,  72,  59,  76]]],


        [[[156, 196, 200, 190, 175],
          [137, 135, 117,  99,  94],
          [ 52,  88,  51,  33,  30],
          [ 72,  89,  70,  68,  54],
          [150, 154, 112,  79, 104]],

         [[127, 135, 114, 138, 151],
          [141, 179, 180, 183, 201],
          [164, 198, 169, 149, 138],
          [ 97, 108, 109,  97,  64],
          [ 72,  86, 134, 113, 102]],

         [[123,  94, 100,  84, 118],
          [119, 117, 105, 149, 130],
          [174, 182, 210, 224, 213],
          [186, 185, 173, 187, 201],
          [133, 127, 160, 149, 167]],

         [[123, 109, 100,  96,  95],
          [139, 123, 111, 145, 125],
          [166, 181, 177, 194, 216],
          [209, 162, 150, 161, 202],
          [145, 127, 172, 146, 147]],

         [[123, 125, 131, 141, 158],
          [160, 175, 192, 209, 233],
          [188, 189, 161, 126, 108],
          [120, 103,  92,  77,  34],
          [ 52,  91, 139, 109,  84]],

         [[138, 180, 181, 192, 191],
          [124, 146, 113,  84,  64],
          [ 47,  38,  69,  70,  54],
          [ 82, 112, 115, 136, 131],
          [164, 174, 152, 104, 154]]],


        [[[117,  82,  84,  63,  58],
          [171, 129, 131, 106, 119],
          [166, 186, 192, 198, 194],
          [113, 139, 177, 160, 117],
          [111, 141, 143, 113,  50]],

         [[ 96, 107, 111, 162, 147],
          [ 71,  63,  60,  63,  46],
          [145, 161, 139, 150, 132],
          [147, 170, 183, 204, 212],
          [124, 105, 118, 139, 116]],

         [[104, 136, 123, 145, 156],
          [ 48,  79, 124, 131, 122],
          [ 15,  33,  10,  13,  37],
          [ 84,  54,  45,  66, 109],
          [122,  80,  89, 138, 179]],

         [[112, 138, 146, 156, 176],
          [ 80, 102, 132, 132, 145],
          [ 52,  84,  62,  68,  79],
          [ 87,  89,  75,  77, 129],
          [120,  79, 102, 151, 159]],

         [[ 94,  76, 131, 152, 156],
          [ 95,  73,  49,  59,  58],
          [169, 136, 125, 120, 114],
          [164, 191, 196, 242, 228],
          [117, 114, 137, 166, 121]],

         [[135, 110,  83,  76,  80],
          [193, 190, 165, 149, 131],
          [174, 179, 218, 204, 186],
          [ 96, 101, 113,  71,  66],
          [ 71,  98, 115,  57,  64]]]], dtype=torch.uint8)