tensor([[[[124, 116, 122, 131, 112],
          [148, 132, 165, 118, 118],
          [142, 159, 178, 137, 131],
          [124, 127, 124, 103, 112],
          [103,  81, 112, 103, 138]],

         [[154, 188, 134, 119, 113],
          [110, 156, 102, 129, 130],
          [132, 141, 140, 113, 131],
          [118, 152, 162, 148, 116],
          [ 88, 113, 145, 128, 143]],

         [[134, 127,  78,  94, 107],
          [123,  93,  69, 133, 115],
          [106, 156, 139,  67, 103],
          [126,  95,  98, 154, 157],
          [116, 122, 148, 148, 142]],

         ...,

         [[142, 101, 127,  79, 114],
          [138,  92, 101, 106,  82],
          [125,  78, 131, 138, 122],
          [113, 134, 112, 155, 155],
          [114, 162, 137, 147, 146]],

         [[109,  80, 126,  75,  94],
          [119,  83, 105, 117, 133],
          [115,  97,  98,  82,  84],
          [130, 144,  83, 115, 110],
          [110, 107, 124, 123, 102]],

         [[129, 161, 130, 120, 141],
          [ 88, 125, 117, 175, 123],
          [ 92, 151, 117, 136, 174],
          [148, 158, 114, 110,  99],
          [172, 122,  92,  95, 118]]],


        [[[104, 127, 158, 149, 133],
          [ 99,  96, 128, 154, 119],
          [136, 135, 140, 126,  95],
          [ 99, 110, 119, 100, 116],
          [107, 143, 121, 124, 130]],

         [[112, 138, 142, 160, 171],
          [127, 131, 163, 152, 104],
          [113, 138, 131, 100, 126],
          [148, 134, 136,  99, 143],
          [144, 124, 164, 130, 142]],

         [[ 95, 107, 129, 169, 162],
          [ 98,  92, 102, 138, 110],
          [145, 101, 114, 155,  99],
          [150, 106, 124, 114,  93],
          [171, 157, 127, 102, 132]],

         ...,

         [[116, 126, 126, 131, 157],
          [134, 144, 122, 108, 128],
          [113, 161, 109, 113, 113],
          [126, 105, 132, 107, 116],
          [129, 149, 138, 116, 115]],

         [[115, 136, 111, 140, 127],
          [113, 125, 135, 106, 152],
          [119, 108, 110, 147, 111],
          [124, 137, 122, 109,  88],
          [130, 147,  88,  98,  98]],

         [[131, 117, 106, 122, 157],
          [125, 164, 118,  98, 103],
          [115,  99, 132,  99,  72],
          [115,  88, 110, 111, 122],
          [114, 101, 121, 122, 117]]],


        [[[120, 115, 152, 117, 119],
          [104, 125, 149, 134, 126],
          [126, 136, 123, 119, 123],
          [118, 135, 121,  86,  80],
          [114, 141, 136, 138, 110]],

         [[ 99, 105, 126, 131, 128],
          [125, 147, 127, 146, 147],
          [142, 155, 142, 149, 155],
          [157, 152, 144, 139, 143],
          [102, 134, 149, 129, 130]],

         [[107, 144, 120, 151, 122],
          [ 90, 148, 121, 141, 122],
          [113, 100, 138, 126, 104],
          [127, 147,  99, 110, 155],
          [129, 174, 110, 110, 113]],

         ...,

         [[142, 136, 143, 133, 131],
          [114, 123, 149, 167, 136],
          [135, 148, 141, 125, 146],
          [128, 155, 131, 116, 147],
          [158, 148, 127, 138, 108]],

         [[128, 119, 134, 124, 158],
          [150,  99, 112, 122, 120],
          [120, 102, 147, 100,  92],
          [109, 109, 105,  84, 112],
          [146, 121,  93, 100, 115]],

         [[110, 138, 106, 135, 123],
          [164, 181, 120,  98, 125],
          [110,  89, 111, 112, 121],
          [109, 106, 114, 160, 131],
          [118,  80,  89, 105, 143]]],


        ...,


        [[[113,  88, 111, 146, 112],
          [141, 136, 142, 101, 140],
          [143, 121, 137, 166, 127],
          [136, 118,  96, 109, 136],
          [130,  75,  95,  78, 107]],

         [[117, 138, 132,  92, 124],
          [120, 135, 132, 102,  82],
          [110,  80, 127,  54, 128],
          [121, 102, 122, 100, 132],
          [127,  90,  95, 129, 150]],

         [[ 96,  78,  70, 107, 123],
          [131, 125, 103,  99, 136],
          [137, 127,  75, 106,  94],
          [131, 105, 108, 130, 133],
          [112, 117, 115, 154, 146]],

         ...,

         [[124, 118, 107, 118, 134],
          [107, 125,  87,  94,  99],
          [132, 113,  85,  94, 155],
          [125, 135, 107, 128,  99],
          [148, 112, 162, 138, 124]],

         [[ 94, 108, 134, 156, 124],
          [119, 118, 141, 182, 179],
          [146, 134,  81, 156, 151],
          [128, 127, 139, 161, 128],
          [ 85, 142, 130,  78, 123]],

         [[127, 157, 104, 110, 118],
          [ 82,  63, 128, 106,  94],
          [ 85, 129, 115,  84, 109],
          [132, 112, 148,  62, 113],
          [160, 162, 110, 122,  92]]],


        [[[101, 128, 102,  95, 104],
          [115, 114,  87,  83, 122],
          [ 97, 148, 112, 126, 125],
          [148, 109, 123, 129, 127],
          [105,  84,  75, 122, 141]],

         [[113, 127,  89,  72, 114],
          [137, 105, 105,  75, 102],
          [101,  92, 124,  93, 137],
          [ 95, 102, 138, 124, 130],
          [108, 111, 119, 133, 127]],

         [[ 91, 115, 115, 107,  93],
          [135, 150, 167, 125, 140],
          [118, 145,  94, 121, 139],
          [ 79, 106,  79, 106, 138],
          [ 79,  85, 112, 129, 107]],

         ...,

         [[138, 108, 101, 110, 107],
          [ 92, 101,  91, 122, 100],
          [121,  79, 118,  99, 122],
          [112, 100, 108, 118, 141],
          [109, 142, 135, 114, 108]],

         [[128, 152, 177, 159, 108],
          [108, 141, 106, 180, 140],
          [109, 160, 117, 110, 120],
          [122, 108, 125, 141, 125],
          [140, 121, 124, 140, 138]],

         [[143, 118, 112,  98, 110],
          [106,  78, 118, 113, 111],
          [ 89, 106, 122, 110, 159],
          [105, 182, 143, 109, 107],
          [138, 184, 128, 101, 121]]],


        [[[140, 109, 137, 127, 130],
          [117, 132, 138, 129, 147],
          [104, 120, 136, 131, 146],
          [112, 141, 130, 122, 134],
          [104, 108, 123, 110, 115]],

         [[130, 111, 167, 156, 118],
          [133, 128, 132, 146,  98],
          [132, 116, 121, 163, 144],
          [135, 146,  83, 108,  97],
          [141, 144, 110, 127,  97]],

         [[131, 115, 145, 129, 115],
          [118,  80,  98, 130, 118],
          [122,  88, 132, 152, 118],
          [116, 143, 145, 154, 102],
          [136, 120, 139, 107, 134]],

         ...,

         [[ 97, 107, 160, 135, 117],
          [ 99, 107, 112, 156, 132],
          [104, 134, 155, 124, 106],
          [104,  99, 109, 144,  82],
          [109, 125, 125, 140, 109]],

         [[141,  87,  61, 127, 119],
          [ 82, 109, 147, 115, 140],
          [149,  83, 105, 145, 106],
          [113,  98, 172, 154, 155],
          [134,  85, 124, 148, 125]],

         [[114,  81, 132, 143, 131],
          [142, 193, 102, 138, 144],
          [154,  99, 126, 169, 142],
          [120, 120,  98, 138, 113],
          [ 88,  98, 154, 137, 125]]]], dtype=torch.uint8)