tensor([[[[ 74,  74,  74,  74,  74],
          [ 74,  74,  74,  74,  74],
          [ 74,  74,  74,  74,  74],
          [ 74,  74,  74,  74,  74],
          [ 74,  74,  74,  74,  74]]],


        [[[ 74,  74,  74,  74,  74],
          [ 74,  74,  74,  74,  74],
          [ 74,  74,  74,  74,  74],
          [ 74,  74,  74,  74,  74],
          [ 74,  74,  74,  74,  74]]],


        [[[ 56, 106,  78, 126,  84],
          [ 95, 143, 192, 175, 104],
          [130, 203, 235, 196, 133],
          [ 70, 151, 202, 183,  91],
          [ 42,  70, 137, 104,  44]]],


        [[[ 74,  74,  74,  74,  74],
          [ 74,  74,  74,  74,  74],
          [ 74,  74,  74,  74,  74],
          [ 74,  74,  74,  74,  74],
          [ 74,  74,  74,  74,  74]]],


        [[[ 33,  31,   0,  32,  17],
          [ 58,  62,  98,  81, 120],
          [ 71, 133, 197, 197, 165],
          [117, 160, 220, 204, 181],
          [ 91, 103, 141, 163, 120]]],


        [[[ 76,  89, 113, 111, 117],
          [143, 191, 235, 213, 154],
          [163, 198, 255, 180, 135],
          [133, 180, 168,  71,  78],
          [ 52,  57,  32,  18,  17]]]], dtype=torch.int32)